# contact :: CMIP6 day spei over amazon river basin b.clarke@imperial.ac.uk 
# 6-month SPEI over ARB at spei_CanESM5_ssp585_r1i1p1f1.dat
# time spei
1850 2.0 0.5453441157809049
1851 2.0 0.6128812330916501
1852 2.0 -0.03185770184161892
1853 2.0 -0.6758090779157654
1854 2.0 1.9721091380683482
1855 2.0 0.3719986004556182
1856 2.0 1.7802274007897383
1857 2.0 0.7213359357124548
1858 2.0 1.9881610662568492
1859 2.0 0.3990057053885236
1860 2.0 0.28495169076012195
1861 2.0 1.3361033299327918
1862 2.0 1.9809972087752818
1863 2.0 1.1813405635102112
1864 2.0 1.9498454404783205
1865 2.0 -0.0008369479417957572
1866 2.0 0.5207698461403603
1867 2.0 1.1012458059941175
1868 2.0 1.5713637508117744
1869 2.0 2.1591586565876884
1870 2.0 0.03914513160757972
1871 2.0 2.107977122815187
1872 2.0 2.3728545480293257
1873 2.0 2.6422933803135074
1874 2.0 1.2431252425891735
1875 2.0 0.3454100735897114
1876 2.0 -0.06766520840901159
1877 2.0 0.7502521741750398
1878 2.0 2.3283909048303686
1879 2.0 1.3785896956217942
1880 2.0 1.1847365338071296
1881 2.0 1.217864746325242
1882 2.0 0.7003413969294965
1883 2.0 0.07612523965671253
1884 2.0 1.3834222438601818
1885 2.0 2.287992385256948
1886 2.0 2.1518097488256336
1887 2.0 0.05904242503456899
1888 2.0 -0.9387316731052959
1889 2.0 2.1772430861165475
1890 2.0 -0.15943904000566653
1891 2.0 1.1881180112232306
1892 2.0 1.8700090881860656
1893 2.0 1.7323152285881642
1894 2.0 -0.15485409046638715
1895 2.0 1.4719324063662347
1896 2.0 2.32506065727518
1897 2.0 1.7906100575479973
1898 2.0 1.1490337773415673
1899 2.0 1.4334769422606637
1900 2.0 0.6977316501228596
1901 2.0 2.3351458836558754
1902 2.0 2.2070387261200173
1903 2.0 -0.2568327479817158
1904 2.0 1.6668436352003888
1905 2.0 1.4189797131551898
1906 2.0 1.6696698193982198
1907 2.0 1.6836589390723817
1908 2.0 1.6119477955484256
1909 2.0 0.3710339027631459
1910 2.0 -0.3157944921998479
1911 2.0 0.33177170111769344
1912 2.0 -0.20242716358850404
1913 2.0 1.3523128536549223
1914 2.0 2.140392851938429
1915 2.0 1.1102122793497202
1916 2.0 0.5471580752223846
1917 2.0 0.195413896069018
1918 2.0 1.7034414757898944
1919 2.0 1.812585899827151
1920 2.0 1.3450454348172234
1921 2.0 1.0841800029248487
1922 2.0 1.096544411977806
1923 2.0 0.4222813898280644
1924 2.0 -0.23860351684166
1925 2.0 0.8421837449544433
1926 2.0 1.4971259810698765
1927 2.0 1.558459816168866
1928 2.0 -0.7590144202183133
1929 2.0 2.209595658140103
1930 2.0 1.001834577530083
1931 2.0 1.1485524984158872
1932 2.0 0.895669601453859
1933 2.0 1.5544920519096186
1934 2.0 1.0296246381451948
1935 2.0 1.1510429257350694
1936 2.0 1.5525179862659115
1937 2.0 1.0159973801808304
1938 2.0 0.3011295186085438
1939 2.0 0.7347980965824659
1940 2.0 -0.12439343846844396
1941 2.0 1.7508659390952113
1942 2.0 1.6475284112185298
1943 2.0 -0.2788537876641772
1944 2.0 0.8184217120339629
1945 2.0 0.7034441572082951
1946 2.0 0.9772179045997081
1947 2.0 -0.07843571034715424
1948 2.0 -0.08501522176948288
1949 2.0 0.6463767114971514
1950 2.0 1.488572120034605
1951 2.0 -0.42139535331580846
1952 2.0 2.2806917075544875
1953 2.0 0.801095032898333
1954 2.0 0.9198011750253273
1955 2.0 0.08517531048694281
1956 2.0 0.8707335573115397
1957 2.0 0.6980876618320497
1958 2.0 1.3950426547953239
1959 2.0 0.6338905449937543
1960 2.0 -0.8910141249222092
1961 2.0 0.06827344076024079
1962 2.0 2.266776719700196
1963 2.0 1.144416609134817
1964 2.0 -0.7827661868436155
1965 2.0 -0.7932308760371651
1966 2.0 0.707800497300095
1967 2.0 1.1823716244114144
1968 2.0 0.16092176860159704
1969 2.0 1.3219107977293594
1970 2.0 1.0048542235555908
1971 2.0 1.0337165515696711
1972 2.0 -0.7020085820867622
1973 2.0 -0.7924013794021741
1974 2.0 0.2421268284240703
1975 2.0 1.7806685651915939
1976 2.0 -0.02135170058080178
1977 2.0 0.028443248474840453
1978 2.0 2.544019632832124
1979 2.0 1.9828113506477225
1980 2.0 -0.3148769593713314
1981 2.0 0.9933962178849144
1982 2.0 -1.5326932331913148
1983 2.0 0.42697180229533727
1984 2.0 0.4352549431272713
1985 2.0 2.178242527722954
1986 2.0 -0.22722596562507932
1987 2.0 0.6088028455994565
1988 2.0 -0.8735829984682741
1989 2.0 0.635890612840575
1990 2.0 0.2630040641768355
1991 2.0 -1.0088092886212467
1992 2.0 0.27056101478071704
1993 2.0 1.5124161695275227
1994 2.0 0.3032359966870379
1995 2.0 -0.26895205616029494
1996 2.0 -1.280620124414566
1997 2.0 -0.8493624424694505
1998 2.0 -0.008865261978417612
1999 2.0 -0.2556351094802736
2000 2.0 0.7915253714441812
2001 2.0 -0.7206869796451105
2002 2.0 0.2887392019570471
2003 2.0 -0.0762710657402184
2004 2.0 -0.3548856177870875
2005 2.0 1.8825901159165328
2006 2.0 0.778908528444341
2007 2.0 -1.3158609969446913
2008 2.0 0.707496109537722
2009 2.0 -0.822513349085321
2010 2.0 -2.255024701830397
2011 2.0 0.2908767414488874
2012 2.0 0.38269537755008526
2013 2.0 -1.2758561161538495
2014 2.0 -1.365976723524113
2015 2.0 -2.9559979712271938
2016 2.0 -2.973749720868773
2017 2.0 -3.150589210226163
2018 2.0 -3.208076591180804
2019 2.0 -3.012274153690349
2020 2.0 -2.912175631044101
2021 2.0 -2.873482794531647
2022 2.0 -3.141821188542514
2023 2.0 -3.3489264971762176
2024 2.0 -3.023958957811181
2025 2.0 -2.8830627029512708
2026 2.0 -3.2558419053942034
2027 2.0 -3.0878435964328386
2028 2.0 -2.9900929229383473
2029 2.0 -3.01219442462146
2030 2.0 -3.0925177678158744
2031 2.0 -3.298564390555376
2032 2.0 -3.184051136660513
2033 2.0 -3.408206490380273
2034 2.0 -2.9873272264377815
2035 2.0 -3.049420959187464
2036 2.0 -3.236984374073746
2037 2.0 -3.1618611826115095
2038 2.0 -3.0948825718174584
2039 2.0 -3.2065045933585465
2040 2.0 -3.216244526618821
2041 2.0 -3.1269823159998302
2042 2.0 -3.2109584847521635
2043 2.0 -3.3665051720978507
2044 2.0 -3.3875551520044107
2045 2.0 -3.1735690161739227
2046 2.0 -3.2302233379728733
2047 2.0 -3.538516415013001
2048 2.0 -3.2936815188525532
2049 2.0 -3.390248212839086
2050 2.0 -3.3281108565107984
