# contact :: CMIP6 day spei over amazon river basin b.clarke@imperial.ac.uk 
# 6-month SPEI over ARB at spei_IPSL-CM6A-LR_ssp585_r1i1p1f1.dat
# time spei
1850 2.0 0.8328854558034549
1851 2.0 0.6138458581967597
1852 2.0 0.7883320456051961
1853 2.0 0.4479575195516828
1854 2.0 1.4677120129131889
1855 2.0 1.0134146272421987
1856 2.0 -0.5454118142293141
1857 2.0 0.47052800689055657
1858 2.0 -0.7240730721924162
1859 2.0 0.07863732949038074
1860 2.0 -0.6704274864022586
1861 2.0 -0.5408469667872169
1862 2.0 1.2533841585569485
1863 2.0 0.41989947329220484
1864 2.0 0.004419064775011978
1865 2.0 -0.11683868689231716
1866 2.0 0.2907682818011388
1867 2.0 0.21903524095943872
1868 2.0 -0.3044757595058061
1869 2.0 0.8674221563382256
1870 2.0 -0.5132227819224202
1871 2.0 0.07924660227103895
1872 2.0 -0.22729091966398335
1873 2.0 -1.0742663487478883
1874 2.0 1.4101996585780139
1875 2.0 0.8213831073320647
1876 2.0 2.0037335232318028
1877 2.0 -0.7361614396277146
1878 2.0 0.6257981400888414
1879 2.0 1.3452648121548478
1880 2.0 0.8190946348814874
1881 2.0 1.0249199613133182
1882 2.0 1.5012863040251303
1883 2.0 -0.593800133220637
1884 2.0 1.0335024084359858
1885 2.0 1.0152767423771918
1886 2.0 -0.733597311826003
1887 2.0 1.544227296965978
1888 2.0 0.1434164493687791
1889 2.0 -0.14564189462935057
1890 2.0 1.142742030482115
1891 2.0 -0.5164421849933205
1892 2.0 1.1503399046227472
1893 2.0 0.6362920662011194
1894 2.0 0.18838317920816525
1895 2.0 0.8718449241291701
1896 2.0 0.895048750901726
1897 2.0 -1.1638050963849633
1898 2.0 -0.8829091292748226
1899 2.0 0.7299250879136832
1900 2.0 1.1827364139310732
1901 2.0 -0.26622356981897566
1902 2.0 1.1704988114988537
1903 2.0 -0.7085889768608971
1904 2.0 1.2222730116957536
1905 2.0 0.4386952027409256
1906 2.0 0.6529909487304597
1907 2.0 -0.993991549915626
1908 2.0 -0.20904441189549566
1909 2.0 2.350107596915716
1910 2.0 1.403831391748656
1911 2.0 0.9279759380596145
1912 2.0 1.611639290502734
1913 2.0 1.653219957338877
1914 2.0 -0.1666943941839526
1915 2.0 0.09280801423797282
1916 2.0 1.9244481893723673
1917 2.0 0.6466223704279863
1918 2.0 -0.1881558771784124
1919 2.0 1.479437170353744
1920 2.0 -0.7669796708158692
1921 2.0 0.9281432803469308
1922 2.0 1.4008977197176096
1923 2.0 0.2312262234046641
1924 2.0 0.9822679555782874
1925 2.0 0.23639726588352072
1926 2.0 0.47056395323261474
1927 2.0 -0.3688647992875311
1928 2.0 -0.802333019479934
1929 2.0 0.23778444351513614
1930 2.0 1.7304799416539924
1931 2.0 1.8929900165584579
1932 2.0 -0.00590763550824603
1933 2.0 -1.1164374143169695
1934 2.0 1.192814780908483
1935 2.0 -0.6029788899321786
1936 2.0 0.07886903950858398
1937 2.0 -0.1965885501865317
1938 2.0 1.6545747880932473
1939 2.0 1.2291203582923576
1940 2.0 1.2660484320563046
1941 2.0 0.6861210463364463
1942 2.0 0.7723112088786086
1943 2.0 0.825928459196388
1944 2.0 0.31420984547539266
1945 2.0 0.4090914360608568
1946 2.0 0.6340079540898786
1947 2.0 1.261984297491348
1948 2.0 0.05059480693954186
1949 2.0 -0.9572903181473609
1950 2.0 0.155108570197066
1951 2.0 -0.29929157332620554
1952 2.0 -0.19588299299917786
1953 2.0 0.45938253044877647
1954 2.0 -0.410989764333253
1955 2.0 0.270805792411031
1956 2.0 -0.3512576292061404
1957 2.0 0.2039296629727998
1958 2.0 1.9804911687724778
1959 2.0 -0.4312776869680903
1960 2.0 1.1311086397194048
1961 2.0 0.0885777954691856
1962 2.0 -0.07086607939549332
1963 2.0 -0.13815848517253995
1964 2.0 -0.023251194661388256
1965 2.0 0.5068832639473281
1966 2.0 1.2076101337875387
1967 2.0 1.0937755372189628
1968 2.0 0.40814277142049293
1969 2.0 1.585583818095169
1970 2.0 -0.1988183228744939
1971 2.0 0.8352555058555351
1972 2.0 1.0406869465470838
1973 2.0 0.7995883518164559
1974 2.0 -0.02224963146557231
1975 2.0 0.9887417119855616
1976 2.0 1.1839789972734454
1977 2.0 0.4575736167179915
1978 2.0 1.3285122611574653
1979 2.0 -1.0262119062026631
1980 2.0 -0.4547639529803023
1981 2.0 -0.6327110347111122
1982 2.0 0.2210088919052963
1983 2.0 0.33607094623390166
1984 2.0 1.153346914523056
1985 2.0 -0.32948956911537625
1986 2.0 -0.7354582542970669
1987 2.0 1.8082506787647248
1988 2.0 -1.6736893291634376
1989 2.0 0.590235635404654
1990 2.0 -0.8353917318818872
1991 2.0 0.8845192967277532
1992 2.0 0.4154783256341365
1993 2.0 -1.535215150567757
1994 2.0 0.5421783398635924
1995 2.0 -1.3100180608088063
1996 2.0 -1.400036039884648
1997 2.0 0.11810282322956783
1998 2.0 -0.5922556761519265
1999 2.0 -1.711543544592261
2000 2.0 -0.7294775539967004
2001 2.0 -0.29903318729225054
2002 2.0 1.2906209552291756
2003 2.0 -0.006293805169139055
2004 2.0 1.0225464875241974
2005 2.0 -0.446699801894685
2006 2.0 1.2381651515379137
2007 2.0 1.6382576523956045
2008 2.0 0.7314396134207873
2009 2.0 0.8059364858803132
2010 2.0 -0.19420992864948433
2011 2.0 -0.539624056564786
2012 2.0 -1.5339339542852843
2013 2.0 -0.8168021274507189
2014 2.0 -1.6105586627379296
2015 2.0 -5.263536722937259
2016 2.0 -5.3679628158725965
2017 2.0 -5.390289764513796
2018 2.0 -5.2839126669291385
2019 2.0 -5.300886080715336
2020 2.0 -5.312873245390166
2021 2.0 -5.3349463659986025
2022 2.0 -5.329345063718628
2023 2.0 -5.315149559713191
2024 2.0 -5.345377667649143
2025 2.0 -5.340362255966687
2026 2.0 -5.346426810696265
2027 2.0 -5.29756520956879
2028 2.0 -5.4133600570816425
2029 2.0 -5.37669811405102
2030 2.0 -5.393218715188651
2031 2.0 -5.304445924304672
2032 2.0 -5.29127385459513
2033 2.0 -5.307288401669653
2034 2.0 -5.300057551031926
2035 2.0 -5.242572778776623
2036 2.0 -5.305711561312131
2037 2.0 -5.310151996438644
2038 2.0 -5.329236528271528
2039 2.0 -5.332713586111527
2040 2.0 -5.341270255067204
2041 2.0 -5.34855006800736
2042 2.0 -5.397140262587592
2043 2.0 -5.463574732767096
2044 2.0 -5.348110625164972
2045 2.0 -5.337408496658299
2046 2.0 -5.372679608619911
2047 2.0 -5.455571641668118
2048 2.0 -5.336616588964273
2049 2.0 -5.351391189817813
2050 2.0 -5.444365810339782
