# contact :: CMIP6 day spei over amazon river basin b.clarke@imperial.ac.uk 
# 6-month SPEI over ARB at spei_ACCESS-CM2_ssp585_r1i1p1f1.dat
# time spei
1850 2.0 -0.36130688337944067
1851 2.0 -1.2446923727756496
1852 2.0 -0.5765757310833268
1853 2.0 0.8899407235215415
1854 2.0 0.21417626686574529
1855 2.0 0.31098382851602213
1856 2.0 -0.7750523906573129
1857 2.0 0.3745540470399718
1858 2.0 0.07656293166641154
1859 2.0 -0.18141379298089533
1860 2.0 -0.9991116020894802
1861 2.0 -0.45894133054839525
1862 2.0 1.3627747771904257
1863 2.0 -0.8833357118296701
1864 2.0 -0.9379852182747812
1865 2.0 -0.45025119946794395
1866 2.0 0.07509392760801116
1867 2.0 0.09605210035372826
1868 2.0 -0.061656189314332754
1869 2.0 -0.7458352177705835
1870 2.0 0.6767652220628063
1871 2.0 -0.966213035394632
1872 2.0 -0.23705642845832847
1873 2.0 0.641925165405115
1874 2.0 -0.7088341142826609
1875 2.0 0.11321385850940607
1876 2.0 -0.27531127336638445
1877 2.0 -0.4488531387691637
1878 2.0 -0.6667583263565485
1879 2.0 -0.18918551033490807
1880 2.0 0.5073696343589954
1881 2.0 -0.5109821879025596
1882 2.0 -0.540691510615934
1883 2.0 0.45965937897979403
1884 2.0 -0.798603599104846
1885 2.0 0.8170709865296508
1886 2.0 0.045758249983113446
1887 2.0 -1.0382205087036496
1888 2.0 -0.540923755102075
1889 2.0 1.4477404150417739
1890 2.0 -1.2062258810742987
1891 2.0 1.1047448021599577
1892 2.0 -0.06222446118112668
1893 2.0 -0.5874440126581167
1894 2.0 -1.397094318158504
1895 2.0 -0.25105014163318634
1896 2.0 -0.6034298254946084
1897 2.0 -0.2312324933785002
1898 2.0 -0.4216749927956251
1899 2.0 -0.4524551084326177
1900 2.0 -0.6437018809802693
1901 2.0 0.24466460593783976
1902 2.0 1.2820814409024295
1903 2.0 0.7083233585883539
1904 2.0 -1.0913808833779108
1905 2.0 -0.5112214477071272
1906 2.0 0.14143601129879207
1907 2.0 0.27038950609636797
1908 2.0 2.7477453824213836
1909 2.0 -0.6729765557106413
1910 2.0 -0.34447873520155176
1911 2.0 -0.9745330403959414
1912 2.0 1.4620367471195745
1913 2.0 0.08722290678863216
1914 2.0 1.9236920256068057
1915 2.0 -0.37546223081871466
1916 2.0 -0.010341848394767794
1917 2.0 0.44875435210447595
1918 2.0 -0.9550480490836624
1919 2.0 0.5660787482531502
1920 2.0 0.020128809585360324
1921 2.0 1.8947841089579225
1922 2.0 0.3636395911747162
1923 2.0 0.3068314006024425
1924 2.0 -0.042794398649271294
1925 2.0 0.6688218905333108
1926 2.0 -1.2045542463903929
1927 2.0 0.08220422769403944
1928 2.0 0.5168238996585705
1929 2.0 -0.2567700633783817
1930 2.0 0.4690706061918687
1931 2.0 1.040717926882183
1932 2.0 0.029272124921537197
1933 2.0 0.28910085313385947
1934 2.0 0.7161570468694047
1935 2.0 -0.27922607937256466
1936 2.0 -0.4312840846028617
1937 2.0 0.5864238645790654
1938 2.0 0.23037467030511732
1939 2.0 -0.3248095784432496
1940 2.0 -0.39474177494421153
1941 2.0 -1.5195259648276664
1942 2.0 0.5406364879078404
1943 2.0 0.07828027992515245
1944 2.0 -0.9272000646370304
1945 2.0 -1.2803245035257635
1946 2.0 -0.3503015513547789
1947 2.0 -0.4277307331212558
1948 2.0 -0.2923380812729661
1949 2.0 0.3100718365133039
1950 2.0 0.25537405137505803
1951 2.0 0.0009967999326444459
1952 2.0 1.0277867802874727
1953 2.0 0.693587222002071
1954 2.0 0.060720169151038283
1955 2.0 -1.0049402435216814
1956 2.0 0.06163656419058111
1957 2.0 0.6062747893919329
1958 2.0 0.281135808787288
1959 2.0 0.48577458083511865
1960 2.0 -1.1860296194095086
1961 2.0 -0.23081795942922725
1962 2.0 1.3961365048375098
1963 2.0 -0.13729259488005294
1964 2.0 -0.6898023950368356
1965 2.0 1.0021353296764521
1966 2.0 1.2046074581134807
1967 2.0 1.09552178563968
1968 2.0 -0.33975234085042544
1969 2.0 -0.0810770139448126
1970 2.0 0.035438017889691385
1971 2.0 1.2370509025690304
1972 2.0 -0.6455376542547794
1973 2.0 -0.16529752364693354
1974 2.0 0.07851305975726168
1975 2.0 0.36434394508164036
1976 2.0 0.27669653176804554
1977 2.0 -0.7086585430522678
1978 2.0 -0.6588477589990788
1979 2.0 -0.48968931467490734
1980 2.0 -1.659964313030102
1981 2.0 -0.3245713183189401
1982 2.0 0.9270207241936358
1983 2.0 0.7538097758612679
1984 2.0 -0.7872821196911943
1985 2.0 -0.4649473986435168
1986 2.0 -1.1343756582482751
1987 2.0 1.3240328172734142
1988 2.0 -0.2307346460755626
1989 2.0 0.4830600094970976
1990 2.0 -1.7689639633650982
1991 2.0 1.824252187388267
1992 2.0 0.5527681334875811
1993 2.0 -0.3460019807190754
1994 2.0 1.1631270737256865
1995 2.0 -0.8742205172481414
1996 2.0 0.07571140308880828
1997 2.0 0.9880566584446973
1998 2.0 -0.6830566376993913
1999 2.0 -0.9938468579368388
2000 2.0 0.10604077349524714
2001 2.0 0.13959609660553202
2002 2.0 0.9943438074674674
2003 2.0 -0.15447098548394764
2004 2.0 0.11584237462017138
2005 2.0 -1.4091678973077606
2006 2.0 1.2338954016005708
2007 2.0 1.1842656135693195
2008 2.0 1.0006291477306148
2009 2.0 -0.9060123135760849
2010 2.0 -1.398144246495163
2011 2.0 -1.4739944167576073
2012 2.0 0.3972947557691026
2013 2.0 -0.19448915955860951
2014 2.0 1.1513339003678458
2015 2.0 -3.6755934790474183
2016 2.0 -3.6869978383385584
2017 2.0 -3.66624624545352
2018 2.0 -3.7088017356597267
2019 2.0 -3.7447198465019444
2020 2.0 -3.717770616726524
2021 2.0 -3.649093052863599
2022 2.0 -3.686551306230389
2023 2.0 -3.702424780753845
2024 2.0 -3.677662623025762
2025 2.0 -3.6765505841650543
2026 2.0 -3.631444144624246
2027 2.0 -3.744201874851861
2028 2.0 -3.6604410712512414
2029 2.0 -3.6888999172263452
2030 2.0 -3.742991844475319
2031 2.0 -3.670614106517443
2032 2.0 -3.6536158081453047
2033 2.0 -3.7027031115789537
2034 2.0 -3.6897724167337502
2035 2.0 -3.678921031712744
2036 2.0 -3.7096559560855225
2037 2.0 -3.6710495127131906
2038 2.0 -3.679716447086747
2039 2.0 -3.679103520073648
2040 2.0 -3.7347666404432944
2041 2.0 -3.6943268471520825
2042 2.0 -3.6910349784560776
2043 2.0 -3.7213934436377234
2044 2.0 -3.7116311594761746
2045 2.0 -3.7703346011337926
2046 2.0 -3.760161648953998
2047 2.0 -3.7519129426383433
2048 2.0 -3.733670031466785
2049 2.0 -3.743922780381233
2050 2.0 -3.741958672218267
