# contact :: CMIP6 day spei over amazon river basin b.clarke@imperial.ac.uk 
# 6-month SPEI over ARB at spei_BCC-CSM2-MR_ssp585_r1i1p1f1.dat
# time spei
1950 2.0 -0.07985216435333649
1951 2.0 1.343647705637239
1952 2.0 0.22909716532663296
1953 2.0 -0.40192238989826384
1954 2.0 -0.47506815301168553
1955 2.0 2.1189215316439247
1956 2.0 0.910826620040839
1957 2.0 0.8375033006752529
1958 2.0 -0.9404053480018172
1959 2.0 0.9549947995568064
1960 2.0 -1.0420496030505026
1961 2.0 -0.9362387887665325
1962 2.0 -0.5904705883233518
1963 2.0 -0.7290993059330475
1964 2.0 0.8284067713245162
1965 2.0 -1.8265221558475602
1966 2.0 1.259384650366325
1967 2.0 0.03936521494356331
1968 2.0 -0.09032889787875101
1969 2.0 0.18272806234638442
1970 2.0 1.9622889027531005
1971 2.0 1.6289537146221924
1972 2.0 2.596381445971724
1973 2.0 0.5112113763710572
1974 2.0 0.11910152266398673
1975 2.0 0.6482074314879891
1976 2.0 -1.510901626928373
1977 2.0 1.666444133214223
1978 2.0 -1.3787465323321668
1979 2.0 0.44142754349616814
1980 2.0 -1.4393870625786929
1981 2.0 -0.6047443607125331
1982 2.0 -0.3254190380411945
1983 2.0 -0.23375018764795616
1984 2.0 -0.6578187043820524
1985 2.0 1.7079836021704002
1986 2.0 0.6378921179822556
1987 2.0 0.23866638755695352
1988 2.0 -1.2474478322337061
1989 2.0 -1.3554626912533432
1990 2.0 0.11368839205300824
1991 2.0 -0.7175956901326722
1992 2.0 0.1911837363462747
1993 2.0 1.495692037715738
1994 2.0 -1.663377493322179
1995 2.0 0.9703704482281774
1996 2.0 0.15981091948104506
1997 2.0 0.7113425865878233
1998 2.0 0.9723427650459944
1999 2.0 0.8618351467306412
2015 2.0 -4.426858842941032
2016 2.0 -4.429441864448991
2017 2.0 -4.372494519730901
2018 2.0 -4.46087210280964
2019 2.0 -4.429047028831668
2020 2.0 -4.398064331500138
2021 2.0 -4.425870120533585
2022 2.0 -4.475353017883367
2023 2.0 -4.409014520753884
2024 2.0 -4.4796886797717645
2025 2.0 -4.44299644882805
2026 2.0 -4.420041346597932
2027 2.0 -4.392745299371997
2028 2.0 -4.502305872679896
2029 2.0 -4.457884766997945
2030 2.0 -4.410798277309442
2031 2.0 -4.4802267392537125
2032 2.0 -4.445827974887216
2033 2.0 -4.476335749840475
2034 2.0 -4.528479782638281
2035 2.0 -4.439446167010565
2036 2.0 -4.521537406909983
2037 2.0 -4.465222944881547
2038 2.0 -4.520160865497838
2039 2.0 -4.472712075154506
2040 2.0 -4.579975192004145
2041 2.0 -4.469132215364232
2042 2.0 -4.509670553483433
2043 2.0 -4.536267829823241
2044 2.0 -4.471365047300756
2045 2.0 -4.508361689095529
2046 2.0 -4.497584127451845
2047 2.0 -4.520747767346241
2048 2.0 -4.4733442516422315
2049 2.0 -4.507753881209608
2050 2.0 -4.554643617546197
