# contact :: CMIP6 day spei over amazon river basin b.clarke@imperial.ac.uk 
# 6-month SPEI over ARB at spei_CMCC-CM2-SR5_ssp585_r1i1p1f1.dat
# time spei
1850 2.0 1.8814807761101155
1851 2.0 2.404716198427425
1852 2.0 2.348685547561067
1853 2.0 1.3816472217641937
1854 2.0 2.0099473067176556
1855 2.0 1.495548871605465
1856 2.0 -0.5768301117841135
1857 2.0 -0.8685862789215023
1858 2.0 0.6797127560820752
1859 2.0 0.09427547125820299
1860 2.0 2.3527730830493874
1861 2.0 1.5553887231135377
1862 2.0 1.5097093304682025
1863 2.0 1.9879483032224943
1864 2.0 1.7449602062304121
1865 2.0 1.011913401723299
1866 2.0 1.4464715142050493
1867 2.0 0.5606293563758658
1868 2.0 1.3383372977478998
1869 2.0 0.06599052621676459
1870 2.0 -0.1930407763867719
1871 2.0 1.7443942110293214
1872 2.0 -1.6555984143596207
1873 2.0 0.6754762106220782
1874 2.0 2.174884923631003
1875 2.0 0.10800261149833047
1876 2.0 2.330404366636522
1877 2.0 0.6992670916805684
1878 2.0 1.5305051356151205
1879 2.0 0.29034377473429845
1880 2.0 0.9498412007888796
1881 2.0 1.8887297164431223
1882 2.0 2.4488773997181403
1883 2.0 -1.0953010700155594
1884 2.0 2.1275195107480567
1885 2.0 0.9113217809779321
1886 2.0 0.7564385405931102
1887 2.0 1.9718401395025063
1888 2.0 1.6219277743758354
1889 2.0 1.5936207454071927
1890 2.0 1.8662949147480863
1891 2.0 0.9061628073517543
1892 2.0 2.0698388541001758
1893 2.0 2.277536568375667
1894 2.0 -0.6173462191266956
1895 2.0 0.8515714047814296
1896 2.0 1.0764578720923454
1897 2.0 0.8385699006041414
1898 2.0 2.194204660039971
1899 2.0 -0.9115261777625284
1900 2.0 1.5013379485921061
1901 2.0 1.311157950488754
1902 2.0 1.5163210617571021
1903 2.0 2.779362399331606
1904 2.0 0.7339613049343471
1905 2.0 0.060231835811607806
1906 2.0 0.3020333107226535
1907 2.0 1.0521713609379666
1908 2.0 2.371268416534682
1909 2.0 -0.08715226992322611
1910 2.0 -0.0106815225160754
1911 2.0 1.2047031739162004
1912 2.0 0.7927803637680872
1913 2.0 0.5113773113886604
1914 2.0 0.9872902369488326
1915 2.0 0.8708411761515531
1916 2.0 0.9303869389976219
1917 2.0 0.6974461089861598
1918 2.0 0.7813006191141257
1919 2.0 0.22703536800755325
1920 2.0 2.187506325166582
1921 2.0 -1.2424346309228098
1922 2.0 -2.6418928505467005
1923 2.0 1.5873481896941855
1924 2.0 1.3817982146380836
1925 2.0 1.4864842896017922
1926 2.0 1.2584662495236931
1927 2.0 -0.8363284713522594
1928 2.0 -0.7311490088454606
1929 2.0 -1.6497702026407541
1930 2.0 -0.38550370893968067
1931 2.0 1.0375365971469686
1932 2.0 -1.4708988051503176
1933 2.0 0.9687639354715061
1934 2.0 0.2562226341278855
1935 2.0 0.5289945892024128
1936 2.0 -0.7080522915214877
1937 2.0 0.9387125867836505
1938 2.0 1.69468349927584
1939 2.0 -0.1734806795942972
1940 2.0 1.8026250020639614
1941 2.0 0.7148889386299779
1942 2.0 2.3868720909056536
1943 2.0 2.2434625970239144
1944 2.0 0.3785892597893753
1945 2.0 1.2729650606549
1946 2.0 1.0767373777043612
1947 2.0 -0.6681331093049372
1948 2.0 0.7685830256350974
1949 2.0 1.4664963129856194
1950 2.0 1.4239737443846732
1951 2.0 0.6733440664164907
1952 2.0 1.2064913928116345
1953 2.0 0.09813687585709764
1954 2.0 1.7910696565624817
1955 2.0 1.731288612596455
1956 2.0 0.39767279592697125
1957 2.0 1.1270491932317337
1958 2.0 2.3266180024695267
1959 2.0 0.8898865902897546
1960 2.0 1.4767529066653287
1961 2.0 1.7062438009992882
1962 2.0 0.3352860584751338
1963 2.0 -1.4649341241476073
1964 2.0 -1.064612353112513
1965 2.0 0.595263937630775
1966 2.0 1.3649223597782891
1967 2.0 -0.30262551275835264
1968 2.0 0.9071281193705857
1969 2.0 0.9711215216981389
1970 2.0 -0.20668209208695842
1971 2.0 0.1448368171835802
1972 2.0 -0.5960793723372605
1973 2.0 1.4226824115756296
1974 2.0 -0.6525151014098288
1975 2.0 -0.36903426947836093
1976 2.0 0.09992477841011871
1977 2.0 -0.7871388331903767
1978 2.0 -0.2722731887771133
1979 2.0 1.0201312863997458
1980 2.0 -0.27296869488016073
1981 2.0 -0.8226319530626255
1982 2.0 0.962729906251329
1983 2.0 1.1766290438108684
1984 2.0 -1.3331999409511828
1985 2.0 2.074676539204084
1986 2.0 -0.03678736172748525
1987 2.0 1.0300819153239729
1988 2.0 0.052860837739629934
1989 2.0 0.7084035970068476
1990 2.0 1.214700469711599
1991 2.0 -1.2974052406834065
1992 2.0 1.0020647793570594
1993 2.0 -0.3026624130156533
1994 2.0 -0.6838500111209
1995 2.0 1.4062438731457463
1996 2.0 1.2693781666822082
1997 2.0 -0.019508369746941083
1998 2.0 0.43830482263365
1999 2.0 0.6452319179193557
2000 2.0 0.15984943205238436
2001 2.0 -1.4569329728191045
2002 2.0 -0.5051760398734285
2003 2.0 -0.6697230456290254
2004 2.0 -0.10958090961003303
2005 2.0 -0.05196467935752494
2006 2.0 0.5219261306106141
2007 2.0 -0.7851802466381842
2008 2.0 -1.552020778457018
2009 2.0 -0.9766676357607585
2010 2.0 -1.6409022085392435
2011 2.0 0.7680866231115052
2012 2.0 -2.659972450917863
2013 2.0 0.5854586972454664
2014 2.0 -0.5194441222101629
2015 2.0 0.0
2016 2.0 0.0
2017 2.0 0.0
2018 2.0 0.0
2019 2.0 0.0
2020 2.0 0.0
2021 2.0 0.0
2022 2.0 0.0
2023 2.0 0.0
2024 2.0 0.0
2025 2.0 0.0
2026 2.0 0.0
2027 2.0 0.0
2028 2.0 0.0
2029 2.0 0.0
2030 2.0 0.0
2031 2.0 0.0
2032 2.0 0.0
2033 2.0 0.0
2034 2.0 0.0
2035 2.0 0.0
2036 2.0 0.0
2037 2.0 0.0
2038 2.0 0.0
2039 2.0 0.0
2040 2.0 0.0
2041 2.0 0.0
2042 2.0 0.0
2043 2.0 0.0
2044 2.0 0.0
2045 2.0 0.0
2046 2.0 0.0
2047 2.0 0.0
2048 2.0 0.0
2049 2.0 0.0
2050 2.0 0.0
