# contact :: CMIP6 day spei over amazon river basin b.clarke@imperial.ac.uk 
# 6-month SPEI over ARB at spei_GFDL-ESM4_ssp585_r1i1p1f1_.dat
# time spei
1850 2.0 1.3348754534056182
1851 2.0 1.2674914971075375
1852 2.0 0.36375306720272266
1853 2.0 0.5642282870213017
1854 2.0 0.1200080546157942
1855 2.0 2.1945582288288006
1856 2.0 1.243640455733332
1857 2.0 0.6271296979459416
1858 2.0 1.5671428966120797
1859 2.0 -0.1508718372806661
1860 2.0 1.7207121692163585
1861 2.0 0.0022683751455456935
1862 2.0 -1.23942018359322
1863 2.0 1.4573604145076917
1864 2.0 0.6837609620770518
1865 2.0 -0.2222842262186594
1866 2.0 0.36193067725631706
1867 2.0 -0.6716528130734989
1868 2.0 0.37722688014680356
1869 2.0 2.1426106965456713
1870 2.0 0.8739165980828658
1871 2.0 -0.41867654812762
1872 2.0 0.3681762628603635
1873 2.0 0.17821841625706258
1874 2.0 0.6925506551987195
1875 2.0 0.08491072553913435
1876 2.0 1.699348405311583
1877 2.0 1.4233353537714644
1878 2.0 0.9459920131430131
1879 2.0 1.155345189109323
1880 2.0 0.9570858958322045
1881 2.0 1.5509117669084422
1882 2.0 1.764410894727969
1883 2.0 -2.3042442240517675
1884 2.0 1.476774946039837
1885 2.0 1.1343611400975524
1886 2.0 0.9126684115249363
1887 2.0 -0.3910418119315768
1888 2.0 1.333568203302405
1889 2.0 1.3998924363508523
1890 2.0 1.31142533223045
1891 2.0 2.0581582753405914
1892 2.0 -0.7978417697213814
1893 2.0 0.7265027923468602
1894 2.0 1.1087240821018813
1895 2.0 -0.6545784389559678
1896 2.0 -0.7390298383400324
1897 2.0 0.814782881149434
1898 2.0 1.9425810598446962
1899 2.0 -1.6137639205969905
1900 2.0 -0.6538842830755093
1901 2.0 0.22287524650457646
1902 2.0 1.5988441683858674
1903 2.0 1.4474390116155242
1904 2.0 -0.39126656476931293
1905 2.0 0.38253731499309374
1906 2.0 0.9243404415914015
1907 2.0 1.796461720840154
1908 2.0 0.8273753242651299
1909 2.0 0.508412075942347
1910 2.0 1.0746610609600524
1911 2.0 1.2612722829809717
1912 2.0 -0.4770379909689734
1913 2.0 1.8060841207491913
1914 2.0 1.096098023694552
1915 2.0 0.5649100083317072
1916 2.0 -1.3645129760402446
1917 2.0 1.6115834730833665
1918 2.0 -0.061751981709399155
1919 2.0 -0.06147719753192819
1920 2.0 0.5125974182292587
1921 2.0 0.3739064529379459
1922 2.0 0.8145121701722385
1923 2.0 0.8945737495615832
1924 2.0 1.134869133260839
1925 2.0 0.5956884882053757
1926 2.0 0.694724328434622
1927 2.0 -1.0911972883598824
1928 2.0 0.38256608055238045
1929 2.0 -0.9575400593113985
1930 2.0 -1.2498497571543137
1931 2.0 -2.2736545424148957
1932 2.0 -2.770705370463868
1933 2.0 1.0176262772578848
1934 2.0 1.047270300763716
1935 2.0 0.0660444405469401
1936 2.0 -0.4901739266511619
1937 2.0 0.5798663753034452
1938 2.0 0.39469270718272303
1939 2.0 0.6562447588892989
1940 2.0 0.25563787069787935
1941 2.0 2.254478791697427
1942 2.0 0.9891686448070134
1943 2.0 0.8155723655054702
1944 2.0 0.8531225027751642
1945 2.0 1.237982440353888
1946 2.0 0.9442787458045994
1947 2.0 -0.9365963843395845
1948 2.0 1.4340175249786418
1949 2.0 0.7739660795419012
1950 2.0 0.7023739174300626
1951 2.0 1.206087096434636
1952 2.0 0.10726842274670227
1953 2.0 -0.03688656453816823
1954 2.0 0.6571859895954086
1955 2.0 0.496211612140568
1956 2.0 2.016860449318949
1957 2.0 0.06829370150035229
1958 2.0 1.7836721020022188
1959 2.0 -0.1759251404683371
1960 2.0 0.5241719178098564
1961 2.0 0.27711776263525273
1962 2.0 -0.3328473344410794
1963 2.0 -0.6638914455339252
1964 2.0 0.700311489340625
1965 2.0 1.390176680145879
1966 2.0 -1.4966153825962816
1967 2.0 0.43235763452588305
1968 2.0 0.4969782776032406
1969 2.0 -0.21588933976132268
1970 2.0 1.252103940123713
1971 2.0 0.13344310075057245
1972 2.0 0.0796864343836114
1973 2.0 1.0703473558255634
1974 2.0 0.6195729191599199
1975 2.0 0.10964134721707129
1976 2.0 -1.094221086040288
1977 2.0 -0.9767668081983572
1978 2.0 0.6430210451257652
1979 2.0 1.3836023563586946
1980 2.0 1.10687899733517
1981 2.0 -0.8326168288014654
1982 2.0 -0.7040068717691527
1983 2.0 1.4631182246989831
1984 2.0 -0.5075069751906124
1985 2.0 1.724286427684596
1986 2.0 0.5868075280721775
1987 2.0 -0.7564003950317622
1988 2.0 1.0734797589423282
1989 2.0 1.1923807637221193
1990 2.0 0.5539063082414384
1991 2.0 0.9579721877019597
1992 2.0 1.0477005507939625
1993 2.0 -0.9340200424092975
1994 2.0 -0.8401000500964533
1995 2.0 0.39205222336526474
1996 2.0 0.33911405134196443
1997 2.0 0.6913268212743018
1998 2.0 -0.9486097445284222
1999 2.0 -0.4452087323611115
2000 2.0 -1.2734447175512933
2001 2.0 -1.6814182308614936
2002 2.0 0.5882870384655026
2003 2.0 -1.0097552755212547
2004 2.0 0.03712101204527515
2005 2.0 -1.2465513810171251
2006 2.0 0.22715456113794416
2007 2.0 1.5115459994679599
2008 2.0 -0.9180265542004753
2009 2.0 -1.5609654245235471
2010 2.0 0.26914633839101226
2011 2.0 -0.2721034986740097
2012 2.0 -2.6687827036760527
2013 2.0 0.07828814797498077
2014 2.0 0.20671083925064246
2015 2.0 -4.698553932280695
2016 2.0 -4.572873531405536
2017 2.0 -4.642614451653433
2018 2.0 -4.6203317765008896
2019 2.0 -4.675108110894943
2020 2.0 -4.732850779284735
2021 2.0 -4.804303168449536
2022 2.0 -4.8451400340232
2023 2.0 -4.818104515772646
2024 2.0 -4.799698507196458
2025 2.0 -4.853677745483784
2026 2.0 -4.76600155179821
2027 2.0 -4.7046992577043865
2028 2.0 -5.0146270051175845
2029 2.0 -4.903235475231713
2030 2.0 -4.8247932360987775
2031 2.0 -4.887554521212041
2032 2.0 -4.749872907146161
2033 2.0 -4.805898201932183
2034 2.0 -4.759354050833078
2035 2.0 -4.766294396300271
2036 2.0 -5.001898528684508
2037 2.0 -4.820759658901461
2038 2.0 -4.745584727418972
2039 2.0 -4.9700767238753425
2040 2.0 -4.882720183615611
2041 2.0 -5.0160284167347395
2042 2.0 -5.1445610254887235
2043 2.0 -5.100423791630678
2044 2.0 -5.169922871918149
2045 2.0 -5.243852761008151
2046 2.0 -4.859380958561346
2047 2.0 -4.8738416815979635
2048 2.0 -4.9054022389256575
2049 2.0 -5.097539116009637
2050 2.0 -4.947092874383839
