# contact :: CMIP6 day spei over amazon river basin b.clarke@imperial.ac.uk 
# 6-month SPEI over ARB at spei_NESM3_ssp585_r1i1p1f1.dat
# time spei
1850 2.0 -1.5228307528536988
1851 2.0 -0.02524718411177997
1852 2.0 0.5496984384167833
1853 2.0 1.2637105472932064
1854 2.0 1.377567679283184
1855 2.0 0.447505532997267
1856 2.0 -0.21664058695835253
1857 2.0 0.23551829188345735
1858 2.0 -0.9081712651390013
1859 2.0 -0.08082159830603433
1860 2.0 -1.3295580937338727
1861 2.0 -0.008873225477607306
1862 2.0 -0.2885826229480485
1863 2.0 -0.4654664114907398
1864 2.0 -0.25794199971212806
1865 2.0 -0.7732912184138371
1866 2.0 1.8068853378995897
1867 2.0 0.7329000350080109
1868 2.0 -0.7212798978597688
1869 2.0 0.622872236126607
1870 2.0 0.7790830937453934
1871 2.0 -0.8701659253946629
1872 2.0 1.6824374792057046
1873 2.0 1.0766163159941133
1874 2.0 -0.0866464211557901
1875 2.0 -0.7264140570150072
1876 2.0 0.43227958254160304
1877 2.0 0.6933412697234568
1878 2.0 -0.7318917299520042
1879 2.0 -1.2227099708146265
1880 2.0 0.002766004239795532
1881 2.0 -1.013886150785203
1882 2.0 1.2008026988916702
1883 2.0 -1.196189586812741
1884 2.0 -0.3223011739991196
1885 2.0 0.07894175488594335
1886 2.0 1.7690219418238593
1887 2.0 -0.38754802033228264
1888 2.0 0.3258797876736476
1889 2.0 -1.5305778282773908
1890 2.0 0.5763850164401051
1891 2.0 1.4130448819366874
1892 2.0 1.2595982480430732
1893 2.0 1.161963184833684
1894 2.0 -1.5586956945248525
1895 2.0 -0.5787349707525551
1896 2.0 -0.26329744341722133
1897 2.0 -1.201110113515411
1898 2.0 -0.08974684469429381
1899 2.0 -1.0667706621381743
1900 2.0 1.7975129471647298
1901 2.0 -0.22032743057751059
1902 2.0 1.4407700874267169
1903 2.0 -0.31616591815928685
1904 2.0 -0.5723674025774994
1905 2.0 0.17444103344014997
1906 2.0 0.3867855667008245
1907 2.0 -1.086124267634884
1908 2.0 -1.2729391654495577
1909 2.0 0.8147914010264777
1910 2.0 -0.48513005620462507
1911 2.0 1.4845723487547016
1912 2.0 1.4230881406816849
1913 2.0 1.4836800719058514
1914 2.0 -0.019376498850903187
1915 2.0 -0.12155108842561324
1916 2.0 1.3853924222695033
1917 2.0 1.4280000055186246
1918 2.0 -0.013650386576566777
1919 2.0 -0.67869863192173
1920 2.0 -1.4316041387153136
1921 2.0 1.6157552513101676
1922 2.0 -0.1867169640307213
1923 2.0 0.9595121092440883
1924 2.0 1.786112066951044
1925 2.0 0.5502840749620302
1926 2.0 0.9310147739686105
1927 2.0 -0.03784678778433441
1928 2.0 0.460522628687125
1929 2.0 0.17896205557745234
1930 2.0 1.3462719218407027
1931 2.0 -0.5975124134689357
1932 2.0 0.8336935618206198
1933 2.0 0.6931029997272948
1934 2.0 -0.5412686517993016
1935 2.0 1.343615207208832
1936 2.0 -1.0903465340137752
1937 2.0 0.708408792474301
1938 2.0 0.797770967265079
1939 2.0 1.0042020555429263
1940 2.0 0.8510092619710256
1941 2.0 1.2789278453236346
1942 2.0 2.4270515223235365
1943 2.0 1.0253055454116362
1944 2.0 1.6876566450976391
1945 2.0 -1.92716757890274
1946 2.0 -0.07138145372077871
1947 2.0 0.22107338369558513
1948 2.0 0.7687827303071403
1949 2.0 1.3468458481791048
1950 2.0 0.7985622443521813
1951 2.0 0.7550125279638519
1952 2.0 -0.12199975136289697
1953 2.0 -0.9760001938367445
1954 2.0 0.1822398599504864
1955 2.0 -0.7186612018403691
1956 2.0 1.3855420640709788
1957 2.0 1.0524922070722018
1958 2.0 -1.9727126298619106
1959 2.0 0.5966083120816181
1960 2.0 1.0516021051416296
1961 2.0 -1.8565257674439066
1962 2.0 -0.48928001685630707
1963 2.0 -2.187406992033034
1964 2.0 -1.77778320685246
1965 2.0 0.21813368987251763
1966 2.0 1.2800076754852012
1967 2.0 0.0013534928387080123
1968 2.0 -0.6206352300861996
1969 2.0 0.7385195162726973
1970 2.0 1.5998165164694143
1971 2.0 0.16894629956158855
1972 2.0 -0.62832969528109
1973 2.0 0.5366246802611601
1974 2.0 -0.18845521653213654
1975 2.0 0.9671963106235999
1976 2.0 -1.6060778311538528
1977 2.0 1.4112388482689906
1978 2.0 -1.4024500945553542
1979 2.0 -0.12013350851664877
1980 2.0 1.1775212408705509
1981 2.0 0.3663552108099808
1982 2.0 0.160825634477017
1983 2.0 -0.39681924645120764
1984 2.0 2.0411713501189914
1985 2.0 -0.986579775500901
1986 2.0 -0.05741012221692758
1987 2.0 -0.07843872038992389
1988 2.0 -0.6420748572396816
1989 2.0 0.46397538206397937
1990 2.0 -2.0228891889223
1991 2.0 0.44234426602906507
1992 2.0 -0.3546091148064321
1993 2.0 -0.7263782040657395
1994 2.0 -1.778879235343069
1995 2.0 1.2657778010251262
1996 2.0 0.08049716305287262
1997 2.0 -0.4659064273572097
1998 2.0 -1.2375163273524097
1999 2.0 -1.355629296692324
2000 2.0 0.5050185052602956
2001 2.0 0.26311138731040595
2002 2.0 1.6677991499777498
2003 2.0 0.24081755927820883
2004 2.0 0.9214504347891042
2005 2.0 -0.942495189132135
2006 2.0 0.09443888967211517
2007 2.0 -0.015113937722033767
2008 2.0 0.7538580156520011
2009 2.0 1.5629359716836762
2010 2.0 -0.8654007388751441
2011 2.0 -1.2305400874700108
2012 2.0 -0.4679019478832127
2013 2.0 0.033569285013917455
2014 2.0 -0.4986225162911667
2015 2.0 -8.19498885707715
2016 2.0 -8.483321728074541
2017 2.0 -8.455192867635468
2018 2.0 -8.356059743752033
2019 2.0 -8.399506818529318
2020 2.0 -8.220228588434685
2021 2.0 -8.288587945747969
2022 2.0 -8.37920587920755
2023 2.0 -8.462229555401107
2024 2.0 -8.479538222584848
2025 2.0 -8.37558418243388
2026 2.0 -8.397666897601708
2027 2.0 -8.25456414433414
2028 2.0 -8.256221313181426
2029 2.0 -8.487075929815061
2030 2.0 -8.446820418113631
2031 2.0 -8.345735228494519
2032 2.0 -8.348562780393545
2033 2.0 -8.279567782749131
2034 2.0 -8.396389931985082
2035 2.0 -8.499730740217258
2036 2.0 -8.247161391894808
2037 2.0 -8.385241252959517
2038 2.0 -8.487377430696682
2039 2.0 -8.357935437946928
2040 2.0 -8.602515388055616
2041 2.0 -8.617503478654223
2042 2.0 -8.496660162959811
2043 2.0 -8.557817319510699
2044 2.0 -8.418203365076117
2045 2.0 -8.35754018448121
2046 2.0 -8.614684539548138
2047 2.0 -8.699279302576654
2048 2.0 -8.490271776763654
2049 2.0 -8.686763666247415
2050 2.0 -8.604051358304124
