# contact :: CMIP6 day spei over amazon river basin b.clarke@imperial.ac.uk 
# 6-month SPEI over ARB at spei_MIROC6_ssp585_r1i1p1f1.dat
# time spei
1850 2.0 0.5648094460080391
1851 2.0 0.8860587501929132
1852 2.0 0.6184226018520285
1853 2.0 0.6322776337050854
1854 2.0 -1.6755200976254387
1855 2.0 1.339541179058488
1856 2.0 1.0411554428894205
1857 2.0 0.8735786008034634
1858 2.0 -0.23849266077858147
1859 2.0 -0.9116641536064938
1860 2.0 0.8143819077964904
1861 2.0 0.17621635952866466
1862 2.0 -1.6926242325629608
1863 2.0 0.23187936471575593
1864 2.0 1.4380251184746142
1865 2.0 1.163450707737775
1866 2.0 -0.14378158554894147
1867 2.0 0.40940937304494984
1868 2.0 -0.737334238872267
1869 2.0 -0.6604515267766188
1870 2.0 0.29807221230573244
1871 2.0 -0.10452315479986016
1872 2.0 -0.2758451833794028
1873 2.0 -0.4200108425153186
1874 2.0 -0.014903398899508357
1875 2.0 0.24752347980589098
1876 2.0 0.39527968925887813
1877 2.0 0.8197507049882036
1878 2.0 -0.015360764467947464
1879 2.0 0.5208373513429514
1880 2.0 0.8874565081625786
1881 2.0 0.5089704747784197
1882 2.0 0.40027020024535354
1883 2.0 -0.6964015019236374
1884 2.0 -0.04473583730121805
1885 2.0 0.6966908263033491
1886 2.0 0.4080930941477552
1887 2.0 -0.08323042485481881
1888 2.0 -1.2111041877898052
1889 2.0 0.6843583252216132
1890 2.0 0.5594351228507604
1891 2.0 -0.36421341558736753
1892 2.0 0.5506245420337678
1893 2.0 -0.365693592402708
1894 2.0 -0.187802191906799
1895 2.0 -0.06546573523208214
1896 2.0 0.7037538203377054
1897 2.0 -1.2542945130999192
1898 2.0 -0.3970301495764107
1899 2.0 -0.787431677096133
1900 2.0 -0.6965476798664688
1901 2.0 -0.7393365815984888
1902 2.0 1.2139614573847601
1903 2.0 1.6726722944698167
1904 2.0 0.6017140258004559
1905 2.0 -0.13263432462674601
1906 2.0 0.969387125500608
1907 2.0 -0.15660978631481998
1908 2.0 -1.5377771775335358
1909 2.0 -0.4975614510637025
1910 2.0 0.14574564538391793
1911 2.0 0.6368573227550166
1912 2.0 0.5875802818844054
1913 2.0 0.30851510990180764
1914 2.0 -0.09831942215631378
1915 2.0 0.006281427002974619
1916 2.0 -0.0777842772366146
1917 2.0 -1.2264483212601758
1918 2.0 1.1215780620257223
1919 2.0 0.39615418589531043
1920 2.0 0.3778924935989065
1921 2.0 0.6995561612289904
1922 2.0 -0.8473642375759678
1923 2.0 -0.35307738395835564
1924 2.0 -0.8301250670428025
1925 2.0 -0.6059874682881724
1926 2.0 0.691120594354986
1927 2.0 0.8140407700958088
1928 2.0 0.5415002538655079
1929 2.0 -0.0663795679300818
1930 2.0 0.9653198577774706
1931 2.0 -0.29127254902956184
1932 2.0 0.0021578877708318465
1933 2.0 0.3505483399247938
1934 2.0 -0.5814466847335232
1935 2.0 -0.3158639160587338
1936 2.0 -0.25478743754675387
1937 2.0 0.722117923990451
1938 2.0 -0.03523303325033412
1939 2.0 0.8696481843712213
1940 2.0 0.4254322176455056
1941 2.0 -0.10467171423999665
1942 2.0 -0.9121129953239518
1943 2.0 -0.8982512670076813
1944 2.0 -0.8235728020990326
1945 2.0 0.8225060836672187
1946 2.0 1.635597839492406
1947 2.0 0.38323123238090107
1948 2.0 -0.5969971846354901
1949 2.0 -0.304349994563418
1950 2.0 0.4395432098873713
1951 2.0 -0.005329600022700588
1952 2.0 0.3731577308790686
1953 2.0 1.2420621963907728
1954 2.0 0.7448930659963966
1955 2.0 -0.8797592784284122
1956 2.0 -0.8148208809051581
1957 2.0 -0.47581606022466383
1958 2.0 0.5793174050144172
1959 2.0 1.0202281673233453
1960 2.0 1.1271793425468415
1961 2.0 0.4286504643203435
1962 2.0 -1.504021302438573
1963 2.0 0.40085575743523366
1964 2.0 1.1770977416739914
1965 2.0 1.7718053687144106
1966 2.0 0.30573741034796054
1967 2.0 -0.7967799012283258
1968 2.0 -0.7157635424747367
1969 2.0 1.2828105710624533
1970 2.0 1.8438619808544623
1971 2.0 0.18832664527718695
1972 2.0 0.7342121991767738
1973 2.0 -0.046766782219413605
1974 2.0 -0.8423525795950852
1975 2.0 -0.4240961232629376
1976 2.0 0.7690892492500842
1977 2.0 0.41538898010446146
1978 2.0 -0.2825059450104796
1979 2.0 0.15735281785821678
1980 2.0 0.6858257071244598
1981 2.0 1.2133216986192599
1982 2.0 -0.1950279597775538
1983 2.0 -0.5440219314954451
1984 2.0 -0.8832044757827515
1985 2.0 1.0124116954325675
1986 2.0 0.5506289211530002
1987 2.0 -0.8623482143299571
1988 2.0 -0.44236123870246147
1989 2.0 0.9870443926579506
1990 2.0 0.5990912956643142
1991 2.0 -0.15196279651689107
1992 2.0 -0.9296214589029037
1993 2.0 -1.8240430915245631
1994 2.0 1.6346908833608607
1995 2.0 0.653895352082379
1996 2.0 1.584588747677438
1997 2.0 0.6043722663641148
1998 2.0 -0.9751263827387688
1999 2.0 -0.7317103175786025
2000 2.0 0.7005456587031008
2001 2.0 0.5403884933842356
2002 2.0 -0.3632438966426866
2003 2.0 -1.8417001948643297
2004 2.0 -0.6961566531441277
2005 2.0 -0.2938464712884844
2006 2.0 -0.403947206432991
2007 2.0 -0.5258101212586107
2008 2.0 -1.682144661120325
2009 2.0 1.6769435822253815
2010 2.0 0.7622537290171422
2011 2.0 0.30133532405727553
2012 2.0 -0.6054469232628966
2013 2.0 -1.859035018859343
2014 2.0 0.9877096023749166
2015 2.0 -3.2239355011426087
2016 2.0 -3.2763449593519933
2017 2.0 -3.332181545008301
2018 2.0 -3.3126051547030646
2019 2.0 -3.352928827012392
2020 2.0 -3.477934725972137
2021 2.0 -3.340818898936852
2022 2.0 -3.2947781891125114
2023 2.0 -3.3496515953494477
2024 2.0 -3.4044198023993855
2025 2.0 -3.4547813665138336
2026 2.0 -3.3940735049859785
2027 2.0 -3.3067826551596142
2028 2.0 -3.366340448556785
2029 2.0 -3.5115772757658092
2030 2.0 -3.341973609504331
2031 2.0 -3.279304138410611
2032 2.0 -3.3103791125452275
2033 2.0 -3.303905422182751
2034 2.0 -3.3711635769026147
2035 2.0 -3.464299156209801
2036 2.0 -3.4474062159747554
2037 2.0 -3.347424307441112
2038 2.0 -3.2865125298986477
2039 2.0 -3.3767722983580764
2040 2.0 -3.429294560328383
2041 2.0 -3.3643293882937373
2042 2.0 -3.334994831171537
2043 2.0 -3.3568997859110894
2044 2.0 -3.4477324218823124
2045 2.0 -3.4623147000470302
2046 2.0 -3.4063760983212723
2047 2.0 -3.3464444976390704
2048 2.0 -3.355089278749297
2049 2.0 -3.527134187562733
2050 2.0 -3.590440562297413
