# contact :: CMIP6 day spei over amazon river basin b.clarke@imperial.ac.uk 
# 6-month SPEI over ARB at spei_EC-Earth3_ssp585_r1i1p1f1.dat
# time spei
1850 2.0 1.280130711560854
1851 2.0 0.08226363528088915
1852 2.0 -1.491572651542626
1853 2.0 -0.903199030768872
1854 2.0 0.7258473466767457
1855 2.0 -0.6087662204225703
1856 2.0 -1.2877584354945095
1857 2.0 -0.28817127000105
1858 2.0 -0.18261756310243765
1859 2.0 -2.1571835976963993
1860 2.0 -1.1279799096737304
1861 2.0 -0.5645820905172324
1862 2.0 0.26721519739881755
1863 2.0 -0.5139397015138251
1864 2.0 -0.9169415716548077
1865 2.0 0.07789622650018829
1866 2.0 -0.8241916366080839
1867 2.0 1.0626245522141902
1868 2.0 -1.417735261949449
1869 2.0 -1.1670172636243739
1870 2.0 -0.924313750447458
1871 2.0 -0.19861236168122404
1872 2.0 0.2512402046611035
1873 2.0 -1.6001814099358664
1874 2.0 -0.20130816342905644
1875 2.0 -0.6834498155266301
1876 2.0 -0.9475344565099373
1877 2.0 -0.0057568960708066046
1878 2.0 0.5061705889911218
1879 2.0 0.6526346295153735
1880 2.0 -1.245143413485777
1881 2.0 -0.3238544369362513
1882 2.0 -1.5372982615249478
1883 2.0 -2.1634303143720097
1884 2.0 0.41942628927068665
1885 2.0 0.4515167808563857
1886 2.0 -1.2479183451643026
1887 2.0 -0.11211603692836056
1888 2.0 -0.761517069860165
1889 2.0 0.14854010182793864
1890 2.0 0.6497131201533937
1891 2.0 0.27859940247639425
1892 2.0 -1.1520790493246253
1893 2.0 -0.24415702289345498
1894 2.0 -0.032687201549669066
1895 2.0 0.3365256024909001
1896 2.0 -0.08124883162573733
1897 2.0 -1.8846380261813038
1898 2.0 -1.0778187381654616
1899 2.0 -0.27196805662993884
1900 2.0 1.63467717982049
1901 2.0 0.5738607499085644
1902 2.0 0.22699738274240025
1903 2.0 0.9128847450689812
1904 2.0 1.54632836678072
1905 2.0 0.9895742690504167
1906 2.0 0.7074729203868322
1907 2.0 -0.842471881102105
1908 2.0 0.20561451297752117
1909 2.0 1.4595847033709135
1910 2.0 0.07162816968125955
1911 2.0 0.0720894052021857
1912 2.0 1.2117371527298468
1913 2.0 1.5099432008360107
1914 2.0 -0.18957643785992445
1915 2.0 0.10772198468393619
1916 2.0 0.6962102558574284
1917 2.0 0.33065733622619
1918 2.0 1.2993606850732222
1919 2.0 -2.4758358032015892
1920 2.0 -0.6362060428446251
1921 2.0 0.19585955510042785
1922 2.0 0.9917646065435739
1923 2.0 -0.16596238496885796
1924 2.0 -0.8260666055923537
1925 2.0 -0.9553756970110585
1926 2.0 -2.110137928783223
1927 2.0 -1.2057415760324939
1928 2.0 1.1332058865002879
1929 2.0 0.9729543539193848
1930 2.0 0.4450727076606846
1931 2.0 0.7317444037586529
1932 2.0 -0.04983636690198876
1933 2.0 -0.4462844840509164
1934 2.0 0.9698140338954375
1935 2.0 -0.7815577174955558
1936 2.0 1.192594598091146
1937 2.0 1.0602938058245854
1938 2.0 -0.3832195526471145
1939 2.0 -0.3153947380535512
1940 2.0 -1.5398278882369734
1941 2.0 0.4722983433416483
1942 2.0 -0.4627139285066773
1943 2.0 -2.092485305777566
1944 2.0 -1.9193438741704887
1945 2.0 -1.0664213696965776
1946 2.0 -0.4892328263819562
1947 2.0 -0.25249219502874587
1948 2.0 1.0638703150870645
1949 2.0 0.9696088443235382
1950 2.0 -0.09849322155698392
1951 2.0 0.69704040467781
1952 2.0 1.183166211216121
1953 2.0 -0.2482740334434056
1954 2.0 0.45591058478376517
1955 2.0 0.896364293838627
1956 2.0 0.6778137321143202
1957 2.0 -1.1601432111134158
1958 2.0 0.5314175783346667
1959 2.0 -0.09428558236830031
1960 2.0 -0.1374624955394091
1961 2.0 -0.0727718337193033
1962 2.0 0.11657414503691485
1963 2.0 0.3639116668341738
1964 2.0 -0.4876197213841144
1965 2.0 1.6144716668226529
1966 2.0 0.7352254288293412
1967 2.0 1.807098486517641
1968 2.0 0.6475962601978457
1969 2.0 -0.013691324391227324
1970 2.0 1.7121168987373627
1971 2.0 -1.1964482763381832
1972 2.0 -0.3351051626172824
1973 2.0 1.6353540311222226
1974 2.0 0.8005006273643724
1975 2.0 0.2879225067160818
1976 2.0 0.780981374108934
1977 2.0 -1.2812438128113919
1978 2.0 1.541290468677884
1979 2.0 -0.2554463293638406
1980 2.0 1.572707123351796
1981 2.0 1.2846157135651608
1982 2.0 0.1405451658440806
1983 2.0 -0.8582977348286049
1984 2.0 -0.1866953447897475
1985 2.0 1.2504048980168299
1986 2.0 0.10970762378346445
1987 2.0 1.2442341727450295
1988 2.0 1.8428482266104904
1989 2.0 1.2238017297768475
1990 2.0 0.2678878890480386
1991 2.0 0.13181271788492738
1992 2.0 1.253823511123417
1993 2.0 -0.40537853126664714
1994 2.0 -0.700280685294265
1995 2.0 -0.24998200246298818
1996 2.0 0.6143866915191005
1997 2.0 -1.541192837946959
1998 2.0 -1.2718673847062054
1999 2.0 -0.14048357626758637
2000 2.0 0.43913896963060745
2001 2.0 -0.25845374783272357
2002 2.0 -1.2859086494234764
2003 2.0 -1.0314541736995575
2004 2.0 -1.0553169821415884
2005 2.0 0.4289584589888579
2006 2.0 -0.7634380853882078
2007 2.0 -0.25453010652432395
2008 2.0 0.8932379460541218
2009 2.0 -1.9398799023165305
2010 2.0 -0.6143774472385114
2011 2.0 -1.2615903036347453
2012 2.0 -2.3891012237360068
2013 2.0 -0.8441517973484813
2014 2.0 -0.3773786709015599
2015 2.0 0.0
2016 2.0 0.0
2017 2.0 0.0
2018 2.0 0.0
2019 2.0 0.0
2020 2.0 0.0
2021 2.0 0.0
2022 2.0 0.0
2023 2.0 0.0
2024 2.0 0.0
2025 2.0 0.0
2026 2.0 0.0
2027 2.0 0.0
2028 2.0 0.0
2029 2.0 0.0
2030 2.0 0.0
2031 2.0 0.0
2032 2.0 0.0
2033 2.0 0.0
2034 2.0 0.0
2035 2.0 0.0
2036 2.0 0.0
2037 2.0 0.0
2038 2.0 0.0
2039 2.0 0.0
2040 2.0 0.0
2041 2.0 0.0
2042 2.0 0.0
2043 2.0 0.0
2044 2.0 0.0
2045 2.0 0.0
2046 2.0 0.0
2047 2.0 0.0
2048 2.0 0.0
2049 2.0 0.0
2050 2.0 0.0
