1978 32.76502990722656
1979 33.84495162963867
1980 32.71420669555664
1981 33.86322784423828
1982 35.2022590637207
1983 34.09710693359375
1984 31.02121353149414
1985 33.60789489746094
1986 32.69721221923828
1987 33.0791130065918
1988 35.15929412841797
1989 33.97623825073242
1990 31.962173461914062
1991 32.6599006652832
1992 32.23967742919922
1993 32.3067512512207
1994 34.91107940673828
1995 35.68318557739258
1996 32.725242614746094
1997 32.008140563964844
1998 32.896324157714844
1999 31.92174530029297
2000 34.537593841552734
2001 33.21031188964844
2002 35.45762252807617
2003 34.41787338256836
2004 34.04225540161133
2005 34.75037384033203
2006 33.27824783325195
2007 34.01670837402344
2008 34.00432205200195
2009 35.323116302490234
2010 34.227333068847656
2011 36.19658660888672
2012 33.946041107177734
2013 36.52854919433594
2014 33.32147216796875
2015 35.01611328125
2016 34.6419677734375
2017 35.39778137207031
2018 34.10184097290039
2019 34.03230667114258
2020 34.339576721191406
2021 38.53986740112305
2022 36.534873962402344
