1949 32.505279541015625
1950 32.321502685546875
1951 30.426916122436523
1952 32.572322845458984
1953 30.003414154052734
1954 34.15978240966797
1955 31.146272659301758
1956 35.750579833984375
1957 31.780048370361328
1958 30.786434173583984
1959 33.3902702331543
1960 32.49618148803711
1961 31.341344833374023
1962 32.79569625854492
1963 32.069297790527344
1964 31.62113380432129
1965 31.811899185180664
1966 31.133724212646484
1967 33.64740753173828
1968 33.33128356933594
1969 32.233333587646484
1970 31.96331024169922
1971 35.3366584777832
1972 31.298097610473633
1973 31.509069442749023
1974 31.56854820251465
1975 32.53551483154297
1976 31.752079010009766
1977 31.974231719970703
1978 31.580629348754883
1979 32.90243148803711
1980 30.80765724182129
1981 32.64717102050781
1982 33.1448974609375
1983 33.048641204833984
1984 30.649581909179688
1985 33.128170013427734
1986 32.02355194091797
1987 31.189281463623047
1988 33.88918685913086
1989 33.03327178955078
1990 30.652238845825195
1991 31.202524185180664
1992 30.673542022705078
1993 31.432435989379883
1994 33.72636032104492
1995 34.42885971069336
1996 31.121292114257812
1997 30.642780303955078
1998 32.27069091796875
1999 31.2288875579834
2000 33.37565612792969
2001 31.735811233520508
2002 34.20528793334961
2003 32.70209503173828
2004 32.60271453857422
2005 33.431640625
2006 32.02202224731445
2007 32.600189208984375
2008 32.992488861083984
2009 33.59925842285156
2010 32.405513763427734
2011 34.76606369018555
2012 33.18195724487305
2013 35.14802551269531
2014 32.101539611816406
2015 34.233394622802734
2016 33.20292282104492
2017 33.57646179199219
2018 33.03205108642578
2019 32.66560363769531
2020 32.76154327392578
2021 36.699127197265625
2022 33.248809814453125
