#year gsat
1852 -1.056451666666657
1853 -1.0262183333333148
1854 -1.0143433333333292
1855 -1.091126666666673
1856 -1.1562333333333417
1857 -1.1746083333333335
1858 -1.2208833333333367
1859 -1.2339016666666573
1860 -1.1852499999999733
1861 -1.1281116666666442
1862 -1.0758149999999773
1863 -1.023676666666642
1864 -1.007449999999972
1865 -1.0421716666666505
1866 -1.0734716666666593
1867 -1.1190616666666529
1868 -1.1494416666666556
1869 -1.1511766666666627
1870 -1.1131699999999913
1871 -1.1226133333333106
1872 -1.1433566666666373
1873 -1.1495966666666284
1874 -1.146279999999944
1875 -1.1317299999999477
1876 -1.0519016666666179
1877 -0.9809533333332858
1878 -0.9607299999999555
1879 -0.948613333333288
1880 -0.9429583333332747
1881 -0.987711666666609
1882 -1.1100666666666257
1883 -1.207581666666636
1884 -1.268284999999981
1885 -1.314699999999993
1886 -1.3385416666666519
1887 -1.2973849999999736
1888 -1.2372083333333084
1889 -1.181743333333305
1890 -1.139654999999971
1891 -1.0983949999999716
1892 -1.0519616666666476
1893 -1.0266316666666402
1894 -1.0399833333333053
1895 -1.0668883333333046
1896 -1.0869549999999784
1897 -1.0539249999999694
1898 -1.0209883333333103
1899 -1.0244399999999807
1900 -1.0226599999999735
1901 -1.0334816666666367
1902 -1.0257649999999678
1903 -1.0260349999999683
1904 -0.9918383333333161
1905 -0.9906683333333142
1906 -1.025609999999995
1907 -1.0818433333333246
1908 -1.1085983333333154
1909 -1.1190899999999608
1910 -1.0777416666666344
1911 -1.0130433333332913
1912 -0.9885833333332918
1913 -0.9309566666666225
1914 -0.8840016666666308
1915 -0.8814099999999598
1916 -0.8310183333332937
1917 -0.8006449999999639
1918 -0.8346316666666329
1919 -0.8780633333332961
1920 -0.8493249999999755
1921 -0.8373399999999833
1922 -0.8113099999999811
1923 -0.7717533333333222
1924 -0.7393416666666557
1925 -0.7304883333333123
1926 -0.7240066666666287
1927 -0.7040383333333011
1928 -0.698564999999963
1929 -0.6950649999999658
1930 -0.7270016666666379
1931 -0.7824733333333143
1932 -0.8278549999999765
1933 -0.844681666666645
1934 -0.8278033333333035
1935 -0.7783449999999679
1936 -0.7750549999999627
1937 -0.7861316666666198
1938 -0.800269999999955
1939 -0.7991199999999594
1940 -0.8086116666666392
1941 -0.7408833333333185
1942 -0.6739383333333198
1943 -0.6129599999999868
1944 -0.6079033333333204
1945 -0.6116116666666471
1946 -0.6638333333332973
1947 -0.6832466666666388
1948 -0.6891899999999733
1949 -0.7065516666666323
1950 -0.7163616666666375
1951 -0.6759683333333104
1952 -0.6609516666666426
1953 -0.6680283333333144
1954 -0.6552749999999836
1955 -0.6408916666666418
1956 -0.6313416666666516
1957 -0.6338233333333161
1958 -0.6283183333333113
1959 -0.6534266666666557
1960 -0.6911566666666538
1961 -0.7433666666666561
1962 -0.7820500000000035
1963 -0.8267816666666707
1964 -0.8860933333333385
1965 -0.9194333333333358
1966 -0.9393583333333257
1967 -0.9561083333333045
1968 -0.9683899999999657
1969 -0.949359999999956
1970 -0.9338566666666335
1971 -0.9525599999999592
1972 -0.9811583333333029
1973 -0.9837349999999674
1974 -0.9130299999999689
1975 -0.89686166666662
1976 -0.8767733333332899
1977 -0.8446783333332863
1978 -0.7888116666666285
1979 -0.8140933333332896
1980 -0.8240399999999575
1981 -0.8237616666666323
1982 -0.7987716666666298
1983 -0.8688483333332897
1984 -0.8943116666666242
1985 -0.8620449999999558
1986 -0.833511666666606
1987 -0.8280199999999347
1988 -0.765426666666599
1989 -0.7049616666666232
1990 -0.7382116666666203
1991 -0.7599883333332969
1992 -0.8008716666666373
1993 -0.812858333333315
1994 -0.8381383333333012
1995 -0.7740766666666445
1996 -0.6905099999999837
1997 -0.5796699999999753
1998 -0.5051299999999621
1999 -0.432169999999962
2000 -0.394436666666639
2001 -0.3781849999999629
2002 -0.36552499999998034
2003 -0.3459366666666597
2004 -0.3621266666666543
2005 -0.3574233333333048
2006 -0.32612166666664244
2007 -0.31971499999997377
2008 -0.33624499999997326
2009 -0.3240233333333098
2010 -0.30187499999997236
2011 -0.31564999999997134
2012 -0.29247999999996566
2013 -0.29920833333328645
2014 -0.29378999999995514
2015 -0.2664699999999698
2016 -0.1904383333333044
2017 -0.17113333333330694
2018 -0.08329499999998724
2019 0.008680000000016008
2020 0.009056666666674928
2021 -0.041744999999991705
2022 0.0
2023 0.008393333333355457
2024 0.003006666666681923
2025 0.053173333333358386
2026 0.123121666666691
2027 0.1493133333333727
2028 0.16069000000002198
2029 0.18243833333336923
2030 0.1716950000000228
2031 0.2036933333333657
2032 0.22477833333337038
2033 0.2767250000000452
2034 0.35839333333336754
2035 0.453536666666718
2036 0.4879133333333705
2037 0.5553450000000222
2038 0.615380000000016
2039 0.6662866666666893
2040 0.7152200000000217
2041 0.7381500000000294
2042 0.7747483333333669
2043 0.8423583333333564
2044 0.9068866666666846
2045 0.9998916666666791
2046 1.0697483333333597
2047 1.076370000000031
2048 1.0750700000000393
2049 1.0726050000000331
2050 1.0800200000000366
2051 1.1584300000000205
2052 1.245430000000022
2053 1.3246766666666758
2054 1.3954500000000163
2055 1.4350916666666755
2056 1.438771666666673
2057 1.4650616666666672
2058 1.4888233333333467
2059 1.5140999999999956
2060 1.5733549999999923
2061 1.6564700000000023
2062 1.7167916666666656
2063 1.8035366666666732
2064 1.8928050000000205
2065 1.933843333333357
2066 1.981448333333356
2067 2.0466566666666957
2068 2.0876350000000343
2069 2.150375000000043
2070 2.226478333333386
2071 2.2813000000000443
2072 2.3298300000000367
2073 2.356845000000021
2074 2.336711666666691
2075 2.3653516666666867
2076 2.422558333333349
2077 2.510520000000021
2078 2.602358333333349
2079 2.7165883333333554
2080 2.777305000000034
2081 2.837978333333389
2082 2.894503333333386
2083 2.9571533333334052
2084 3.002085000000058
2085 3.0867133333333747
2086 3.137273333333372
2087 3.183745000000034
2088 3.2285866666667076
2089 3.306276666666701
2090 3.3573583333333765
2091 3.4693133333333783
2092 3.5577683333333887
2093 3.642663333333381
2094 3.7368416666667272
2095 3.810650000000056
2096 3.8062400000000487
2097 3.851080000000035
2098 3.92732000000003
2099 3.942983333333359
2100 3.9965116666666844
2101 4.091016666666679
2102 4.146768333333352
2103 4.206455000000016
2104 4.297975000000019
2105 4.344140000000017
2106 4.417003333333355
2107 4.504481666666685
2108 4.5465366666666895
2109 4.59115166666669
2110 4.667316666666693
2111 4.708586666666701
2112 4.766071666666697
2113 4.850603333333357
2114 4.913911666666685
2115 4.963631666666696
2116 5.028168333333362
2117 5.0677750000000295
2118 5.140998333333368
2119 5.222650000000044
2120 5.308328333333371
2121 5.426831666666704
2122 5.519990000000043
2123 5.5423683333333535
2124 5.575151666666692
2125 5.588810000000024
2126 5.58875666666669
2127 5.619645000000027
2128 5.719578333333356
2129 5.748436666666681
2130 5.779705000000014
2131 5.865718333333348
2132 5.903191666666679
2133 5.862233333333371
2134 5.93766000000004
2135 6.021068333333368
2136 6.009115000000044
2137 6.051888333333363
2138 6.128196666666678
2139 6.1528850000000155
2140 6.196451666666679
2141 6.292288333333339
2142 6.411018333333345
2143 6.4903050000000135
2144 6.563475000000004
2145 6.682088333333333
2146 6.754251666666665
2147 6.775689999999997
2148 6.89428833333335
2149 7.038186666666682
2150 7.0996200000000265
2151 7.174058333333356
2152 7.309526666666692
2153 7.3253750000000295
2154 7.306980000000031
2155 7.3680283333333705
2156 7.453911666666706
2157 7.450261666666712
2158 7.563703333333365
2159 7.686485000000026
2160 7.72036166666669
2161 7.785988333333364
2162 7.93533500000002
2163 7.996348333333355
2164 8.09429833333336
2165 8.225203333333365
2166 8.295683333333365
2167 8.353278333333368
2168 8.450141666666696
2169 8.467376666666702
2170 8.54067333333337
2171 8.66220000000003
2172 8.681660000000033
2173 8.696918333333372
2174 8.834183333333375
2175 8.904581666666708
2176 8.929215000000045
2177 9.072126666666701
2178 9.175366666666708
2179 9.236561666666706
2180 9.318826666666702
2181 9.337363333333371
2182 9.339808333333384
2183 9.405951666666702
2184 9.45866333333337
2185 9.512238333333368
2186 9.66014833333336
2187 9.71454000000002
2188 9.774420000000031
2189 9.842010000000037
2190 9.828575000000036
2191 9.837085000000037
2192 9.899181666666685
2193 9.949636666666674
2194 9.972503333333329
2195 10.106464999999993
2196 10.186775
2197 10.276150000000008
2198 10.35476000000002
2199 10.427498333333357
2200 10.41171166666669
2201 10.411405000000023
2202 10.44361333333336
2203 10.45595666666669
2204 10.475480000000026
2205 10.57220333333337
2206 10.649500000000035
2207 10.682705000000055
2208 10.72482166666672
2209 10.799448333333395
2210 10.873141666666733
2211 10.954305000000055
2212 10.975908333333372
2213 11.04902500000004
2214 11.064198333333355
2215 11.106176666666691
2216 11.121568333333357
2217 11.215976666666698
2218 11.251655000000039
2219 11.337621666666713
2220 11.36825833333338
2221 11.417560000000059
2222 11.429453333333377
2223 11.467190000000038
2224 11.49266166666671
2225 11.516156666666689
2226 11.548549999999999
2227 11.56822166666668
2228 11.609075000000008
2229 11.633130000000005
2230 11.644765000000007
2231 11.687378333333346
2232 11.739881666666669
2233 11.742753333333336
2234 11.769688333333342
2235 11.845133333333344
2236 11.826533333333352
2237 11.875613333333355
2238 11.94318000000002
2239 11.941785000000003
2240 11.961351666666665
2241 12.06118
2242 12.095845000000008
2243 12.127576666666677
2244 12.223438333333355
2245 12.235728333333363
2246 12.234080000000041
2247 12.243801666666705
2248 12.272138333333384
2249 12.239850000000057
2250 12.287003333333395
2251 12.338956666666718
2252 12.353468333333375
2253 12.389165000000038
2254 12.477886666666688
2255 12.49941500000002
2256 12.498703333333356
2257 12.528623333333371
2258 12.5268016666667
2259 12.512328333333379
2260 12.534233333333383
2261 12.556033333333392
2262 12.590241666666714
2263 12.624341666666727
2264 12.64456166666671
2265 12.66819666666671
2266 12.656250000000036
2267 12.6911566666667
2268 12.725421666666684
2269 12.782770000000017
2270 12.77761833333334
2271 12.841918333333343
2272 12.861483333333332
2273 12.887241666666661
2274 12.92866333333334
2275 12.993405000000006
2276 13.064685000000019
2277 13.135303333333365
2278 13.182586666666715
2279 13.181575000000056
2280 13.223298333333389
2281 13.224183333333382
2282 13.227416666666706
2283 13.232595000000025
2284 13.296758333333344
2285 13.346741666666674
2286 13.388779999999997
2287 13.443391666666674
2288 13.514646666666682
2289 13.533156666666684
2290 13.544065000000025
2291 13.562960000000022
2292 13.573385000000009
2293 13.590126666666674
2294 13.640235000000008
2295 13.649813333333338
2296 13.708820000000003
2297 13.707820000000027
2298 13.682583333333366
# tas_Amon_CSIRO-Mk3-6-0_rcp85_r1i1p1
