#year gsat
1863 -1.0998100000000477
1864 -1.1138550000000471
1865 -1.0887500000000507
1866 -1.0731733333333757
1867 -1.0260400000000338
1868 -0.9850366666666908
1869 -0.9757716666666969
1870 -0.9938933333333466
1871 -0.9875083333333468
1872 -1.0000350000000022
1873 -0.9829983333333416
1874 -0.9573149999999941
1875 -0.9090833333333315
1876 -0.912503333333337
1877 -0.8773666666666706
1878 -0.8510383333333493
1879 -0.8489000000000253
1880 -0.8240383333333625
1881 -0.7997416666666943
1882 -0.9128550000000253
1883 -1.0425083333333536
1884 -1.1154133333333451
1885 -1.24435666666667
1886 -1.3511449999999972
1887 -1.3115533333333254
1888 -1.2364416666666447
1889 -1.208693333333315
1890 -1.1893716666666485
1891 -1.1393199999999872
1892 -1.1042850000000044
1893 -1.0828816666666743
1894 -1.0686583333333495
1895 -1.0433733333333528
1896 -1.0447633333333552
1897 -1.0620983333333474
1898 -1.079448333333369
1899 -1.0700700000000332
1900 -1.0388266666667043
1901 -1.0340333333333653
1902 -1.0245516666667065
1903 -1.0046133333333618
1904 -0.9995850000000353
1905 -1.0130250000000274
1906 -1.0117216666666877
1907 -0.9996033333333454
1908 -0.9942000000000011
1909 -0.9613066666666441
1910 -0.9373983333333289
1911 -0.953285000000017
1912 -0.9676066666666774
1913 -0.9231200000000168
1914 -0.9188433333333599
1915 -0.8885216666666675
1916 -0.8004099999999994
1917 -0.7477700000000027
1918 -0.7730783333333413
1919 -0.7553216666666795
1920 -0.7995633333333672
1921 -0.8177666666666941
1922 -0.771890000000031
1923 -0.6970850000000262
1924 -0.6504016666666868
1925 -0.603493333333347
1926 -0.582236666666665
1927 -0.6199433333333335
1928 -0.6650483333333348
1929 -0.7469199999999994
1930 -0.7869449999999922
1931 -0.8261933333333324
1932 -0.8692916666666743
1933 -0.8812283333333308
1934 -0.8624050000000008
1935 -0.8191766666666691
1936 -0.809828333333348
1937 -0.8131150000000158
1938 -0.8019200000000293
1939 -0.7715716666667056
1940 -0.7907450000000384
1941 -0.7937600000000309
1942 -0.7933766666666884
1943 -0.8293500000000105
1944 -0.9034300000000144
1945 -0.8959550000000256
1946 -0.8873583333333492
1947 -0.8672400000000149
1948 -0.862343333333353
1949 -0.8670400000000082
1950 -0.9256150000000041
1951 -0.948078333333342
1952 -0.9479000000000148
1953 -0.9488416666666915
1954 -0.9132900000000284
1955 -0.878131666666695
1956 -0.8665816666667077
1957 -0.8691166666667076
1958 -0.8684883333333691
1959 -0.8627866666666932
1960 -0.8578933333333687
1961 -0.8729333333333678
1962 -0.9310133333333628
1963 -0.9591033333333598
1964 -0.9927083333333719
1965 -1.0433933333333592
1966 -1.078561666666678
1967 -1.0706350000000153
1968 -1.0467450000000103
1969 -1.0340516666666755
1970 -0.987335000000007
1971 -0.9203533333333436
1972 -0.8748900000000166
1973 -0.8435266666666852
1974 -0.8062666666666818
1975 -0.834410000000025
1976 -0.868700000000036
1977 -0.8594216666666963
1978 -0.8784416666667081
1979 -0.8532816666667138
1980 -0.8077616666667033
1981 -0.8236750000000264
1982 -0.8065533333333637
1983 -0.7320450000000172
1984 -0.7141600000000157
1985 -0.6971600000000198
1986 -0.6046666666666844
1987 -0.5718333333333483
1988 -0.5617683333333616
1989 -0.5384533333333597
1990 -0.5732250000000256
1991 -0.6175666666666988
1992 -0.6134000000000359
1993 -0.622906666666676
1994 -0.6221050000000101
1995 -0.5097883333333577
1996 -0.40713166666668066
1997 -0.34539000000000897
1998 -0.30263000000002194
1999 -0.2233450000000179
2000 -0.14522333333333037
2001 -0.1009300000000053
2002 -0.05724499999999999
2003 -0.00817833333334228
2004 -0.04934000000001859
2005 -0.12693500000000313
2006 -0.14958000000000382
2007 -0.16337333333333426
2008 -0.18529499999999643
2009 -0.17937833333332875
2010 -0.15104500000001053
2011 -0.12717666666666183
2012 -0.1135766666666651
2013 -0.07045499999999194
2014 -0.03313333333333013
2015 -0.0338566666666793
2016 -0.04993000000001757
2017 -0.048656666666682113
2018 -0.10197333333335301
2019 -0.10668500000000414
2020 -0.053301666666651926
2021 -0.029541666666659694
2022 0.0
2023 0.08659000000000106
2024 0.11038999999999533
2025 0.14104666666664833
2026 0.23715166666663734
2027 0.2688383333333153
2028 0.22361499999997214
2029 0.27075333333329965
2030 0.2945949999999691
2031 0.27148166666664864
2032 0.3015516666666489
2033 0.35889666666665754
2034 0.39150666666665757
2035 0.4230416666666663
2036 0.44363833333332003
2037 0.46213166666663064
2038 0.5167066666666305
2039 0.4954816666666382
2040 0.4760399999999656
2041 0.5089633333333161
2042 0.562388333333331
2043 0.5856499999999976
2044 0.6396316666666628
2045 0.6848249999999894
2046 0.7059166666666332
2047 0.7246149999999609
2048 0.7643183333333017
2049 0.7942466666666412
2050 0.8431466666666445
2051 0.8856366666666649
2052 0.8801133333333269
2053 0.8874649999999864
2054 0.9499133333333134
2055 0.9860349999999922
2056 0.9922899999999792
2057 1.0387916666666577
2058 1.0884233333333206
2059 1.137513333333322
2060 1.122456666666654
2061 1.1725833333333302
2062 1.2289233333333307
2063 1.243781666666667
2064 1.2389949999999992
2065 1.3256849999999876
2066 1.40135499999999
2067 1.4670299999999763
2068 1.4793333333333063
2069 1.5161699999999776
2070 1.5601799999999795
2071 1.5929916666666486
2072 1.6089316666666722
2073 1.6828833333333257
2074 1.7405266666666535
2075 1.7578183333333186
2076 1.7774733333333081
2077 1.8507166666666208
2078 1.9288966666666383
2079 1.9529399999999768
2080 1.98719166666665
2081 2.023873333333313
2082 2.0050383333333244
2083 2.004131666666648
2084 2.0683383333333154
2085 2.1492716666666425
2086 2.217304999999989
2087 2.291781666666644
2088 2.363621666666642
2089 2.3958049999999744
2090 2.4225983333333048
2091 2.4445199999999545
2092 2.491286666666632
2093 2.532559999999968
2094 2.6052433333333056
2095 2.6368249999999875
2096 2.6612899999999975
2097 2.695828333333317
2098 2.696496666666654
# tas_Amon_GFDL-ESM2G_rcp85_r1i1p1
