# distribution=gev fit_type=scale return_period=10 obs_start=1979 event_year=2023 lower_tail= restrain=0.4 include_event=on gmst_past=-1.2 gmst_fut=0.8 confint=95
run gmst_file sigma_est sigma_lower sigma_upper disp_est disp_lower disp_upper xi_est xi_lower xi_upper alpha_est alpha_lower alpha_upper rv rp_est rp_lower rp_upper pr_est pr_lower pr_upper di_est di_lower di_upper f_pr_est f_pr_lower f_pr_upper f_di_est f_di_lower f_di_upper f_disp_est f_disp_lower f_disp_upper f_alpha_est f_alpha_lower f_alpha_upper f_pr_est_i f_pr_lower_i f_pr_upper_i f_di_est_i f_di_lower_i f_di_upper_i
p_NZ-flood_rx2day_AUS-22_HadGEM2-ES_r1_RegCM4-7 t_NZ-flood_gsat_HadGEM2-ES 20.818 14.686 23.637 0.204 0.152 0.227 -0.221 -0.470 0.102 -13.915 -29.070 4.943 10.000 3.7720 43.450 0.38467 0.75062E-01 1.3432 -11.848 -24.161 4.389 1.0761 0.82945 1.5366 1.292 -3.306 6.195 0.201 0.165 0.231 -1.820 -8.569 4.801 .92928166527274416875 .65078745281790967070 1.20561818072216529025 -1.292 -6.195 3.306
p_NZ-flood_rx2day_AUS-22_NorESM1-M_r1_RegCM4-7 t_NZ-flood_gsat_NorESM1-M 27.077 20.228 34.354 0.245 0.183 0.301 0.025 -0.253 0.191 -15.519 -49.282 38.716 141.73 10.000 2.8779 188.93 0.70442 0.28550E-01 8.0487 -5.717 -30.666 35.894
p_NZ-flood_rx2day_AUS-22_NorESM1-M_r1_REMO2015 t_NZ-flood_gsat_NorESM1-M 33.973 25.431 40.176 0.228 0.170 0.266 -0.129 -0.362 0.080 17.729 -22.553 59.751 177.77 10.000 3.5055 1e6 1.8002 0.63167E-01 1e6 6.376 -15.939 35.414 1.0142 0.73268 1.7243 0.238 -5.853 6.890 0.231 0.188 0.264 -0.418 -11.743 10.289 .98599881680141983829 .57994548512439830655 1.36485232297865370966 -.238 -6.890 5.853
p_NZ-flood_rx2day_AUS-22_HadGEM2-ES_r1_REMO2015 t_NZ-flood_gsat_HadGEM2-ES 32.019 23.972 38.194 0.231 0.175 0.270 -0.038 -0.195 0.137 5.640 -15.640 28.445 207.28 10.000 3.8665 47.583 1.8534 0.43858 9.0741 8.393 -9.335 29.478 0.75224 0.55942 1.0420 -4.708 -9.225 0.560 0.228 0.191 0.259 8.089 -0.954 16.149 1.32936296926512815059 .95969289827255278310 1.78756569303921919130 4.708 -.560 9.225
p_NZ-flood_rx2day_AUS-22_MPI-ESM-LR_r1_REMO2015 t_NZ-flood_gsat_MPI-ESM-LR 31.194 24.560 35.225 0.231 0.183 0.259 -0.207 -0.550 0.032 17.626 -11.010 45.407 207.79 10.000 4.4014 37.857 1.6145 0.33177 939.59 6.555 -13.366 32.154 0.54815 0.31262 0.79355 -9.510 -14.749 -3.259 0.237 0.204 0.264 16.213 5.379 26.632 1.82431816108729362400 1.26016004032512129040 3.19877167167807561896 9.510 3.259 14.749
p_NZ-flood_rx2day_AUS-22_NorESM1-M_r1_CCLM5-0-15 t_NZ-flood_gsat_NorESM1-M 34.989 24.771 43.769 0.247 0.183 0.287 -0.027 -0.309 0.181 -24.623 -72.851 39.753 190.53 10.000 3.0364 39.274 4.3508 0.58881 8771.6 20.050 -6.381 57.784 0.89095 0.70099 1.1785 -2.472 -8.611 3.201 0.239 0.204 0.264 4.486 -5.715 16.387 1.12239744093383467085 .84853627492575307594 1.42655387380704432302 2.472 -3.201 8.611
p_NZ-flood_rx2day_AUS-22_MPI-ESM-LR_r1_CCLM5-0-15 t_NZ-flood_gsat_MPI-ESM-LR 35.263 25.969 41.217 0.267 0.189 0.313 -0.126 -0.453 0.028 -12.017 -47.153 19.321 242.96 10.000 4.4700 50.410 0.65473 0.11985 1.8098 -6.102 -21.374 9.668 0.74580 0.41611 1.3831 -3.136 -8.449 2.668 0.259 0.211 0.297 5.787 -4.683 16.194 1.34084204880665057656 .72301352035283059793 2.40321068948114681214 3.136 -2.668 8.449
p_NZ-flood_rx2day_AUS-22_HadGEM2-ES_r1_CCLM5-0-15 t_NZ-flood_gsat_HadGEM2-ES 31.130 23.516 36.599 0.242 0.179 0.291 -0.199 -0.505 -0.039 -5.319 -23.704 13.138 201.77 10.000 5.3047 42.715 0.80657 0.25100 1.7054 -3.117 -14.487 7.812 1.0703 0.77521 1.6278 0.867 -2.987 4.667 0.229 0.188 0.259 -1.448 -7.757 5.127 .93431748108007100812 .61432608428553876397 1.28997303956347312341 -.867 -4.667 2.987
p_NZ-flood_rx2day_AUS-22_MPI-ESM-MR_r1_RegCM4-7 t_NZ-flood_gsat_MPI-ESM-MR 23.732 14.122 29.615 0.234 0.145 0.278 0.067 -0.140 0.385 -21.972 -48.460 5.511 194.50 10.000 3.6538 49.444 0.25064 0.51443E-01 0.89156 -24.182 -43.504 -2.299 1.2785 0.57003 2.6045 2.995 -3.627 9.813 0.229 0.182 0.264 -4.417 -13.691 5.532 .78216660148611654282 .38395085429065079669 1.75429363366840341736 -2.995 -9.813 3.627
