# contact :: CMIP6 CanESM5_r1i1p1f1 April maxima of 5-day tasmax - Sahel heat 2024, c.barnes22@imperial.ac.uk 
# tasmax [degC] April maximum of 5-day maximum temperatures in southern Mali & Burkina Faso at sahel-heat_cmip6_tx5x-april_mali-bf_CanESM5_r1i1p1f1.dat
# year tasmax
1850 44.48188018798828
1851 42.56413650512695
1852 43.21244430541992
1853 44.23435592651367
1854 44.723209381103516
1855 43.08704376220703
1856 44.42576217651367
1857 46.0123405456543
1858 45.1374626159668
1859 46.68539047241211
1860 45.25244140625
1861 44.803871154785156
1862 45.024322509765625
1863 44.594303131103516
1864 44.38554382324219
1865 42.207515716552734
1866 43.28103256225586
1867 44.915889739990234
1868 45.53937911987305
1869 42.82390594482422
1870 45.148765563964844
1871 43.284828186035156
1872 39.828250885009766
1873 44.880611419677734
1874 43.5761604309082
1875 43.799312591552734
1876 44.559200286865234
1877 45.41937255859375
1878 44.71279525756836
1879 44.751522064208984
1880 44.014400482177734
1881 45.801204681396484
1882 44.32143020629883
1883 45.39598846435547
1884 43.694908142089844
1885 44.724037170410156
1886 43.455230712890625
1887 44.59430694580078
1888 44.635765075683594
1889 44.82220458984375
1890 44.17380905151367
1891 43.94367599487305
1892 44.103515625
1893 43.68242263793945
1894 44.848670959472656
1895 44.49624252319336
1896 44.009273529052734
1897 44.7915153503418
1898 45.17125701904297
1899 45.470577239990234
1900 45.79267120361328
1901 44.34444046020508
1902 46.41640853881836
1903 43.65913009643555
1904 45.51308822631836
1905 43.86331558227539
1906 43.81702423095703
1907 44.35337448120117
1908 45.0966796875
1909 45.4995002746582
1910 44.92948913574219
1911 45.487491607666016
1912 44.46409225463867
1913 45.30207061767578
1914 44.3497200012207
1915 43.22641372680664
1916 44.067169189453125
1917 43.76249313354492
1918 44.99263000488281
1919 44.91181945800781
1920 45.620723724365234
1921 45.46189498901367
1922 45.77119064331055
1923 44.73209762573242
1924 45.92688751220703
1925 44.03818130493164
1926 45.77223587036133
1927 44.95286178588867
1928 44.9734992980957
1929 44.50929260253906
1930 46.03517532348633
1931 44.504337310791016
1932 44.64312744140625
1933 44.63447189331055
1934 44.896236419677734
1935 44.02799606323242
1936 44.35677719116211
1937 44.05768966674805
1938 44.14274215698242
1939 45.2364501953125
1940 45.143096923828125
1941 45.19732666015625
1942 44.2108268737793
1943 45.56864929199219
1944 44.78139877319336
1945 42.50883102416992
1946 45.2646598815918
1947 44.50802993774414
1948 44.290950775146484
1949 45.32073211669922
1950 44.457916259765625
1951 46.4443359375
1952 45.72224807739258
1953 45.4087028503418
1954 44.16344451904297
1955 44.45854187011719
1956 43.919715881347656
1957 45.56389617919922
1958 43.33382034301758
1959 44.54613494873047
1960 45.42405700683594
1961 45.43690872192383
1962 44.68935775756836
1963 45.81202697753906
1964 43.73549270629883
1965 43.36219024658203
1966 46.13320541381836
1967 44.798885345458984
1968 44.03710174560547
1969 45.00587844848633
1970 45.118797302246094
1971 43.689632415771484
1972 44.93903732299805
1973 42.84708786010742
1974 44.73000717163086
1975 44.98501205444336
1976 41.831905364990234
1977 45.66261291503906
1978 45.95591354370117
1979 45.9444580078125
1980 44.931156158447266
1981 45.88076400756836
1982 45.91695022583008
1983 46.8908576965332
1984 44.261878967285156
1985 44.987327575683594
1986 44.94631576538086
1987 45.491981506347656
1988 45.4096794128418
1989 45.74795150756836
1990 45.34086227416992
1991 44.14058303833008
1992 45.984432220458984
1993 44.39226531982422
1994 45.436275482177734
1995 46.61704635620117
1996 46.57320022583008
1997 45.03104782104492
1998 45.89374542236328
1999 46.341365814208984
2000 47.264461517333984
2001 44.79787063598633
2002 45.35189437866211
2003 44.636253356933594
2004 47.01833724975586
2005 46.525299072265625
2006 46.1239128112793
2007 43.7722053527832
2008 46.11985397338867
2009 46.092159271240234
2010 47.714500427246094
2011 46.098487854003906
2012 46.78689956665039
2013 47.43124771118164
2014 44.76372146606445
2015 46.2745475769043
2016 46.751869201660156
2017 45.6067008972168
2018 46.322975158691406
2019 46.425331115722656
2020 46.421512603759766
2021 46.060646057128906
2022 46.06757736206055
2023 47.46340560913086
2024 46.06137466430664
2025 46.98230743408203
2026 46.90142059326172
2027 46.519081115722656
2028 46.88222122192383
2029 47.494903564453125
2030 46.77817916870117
2031 47.93117904663086
2032 48.11763381958008
2033 48.03951644897461
2034 48.1986198425293
2035 47.40300369262695
2036 47.44173812866211
2037 48.00649642944336
2038 46.386474609375
2039 47.7824821472168
2040 47.14377212524414
2041 48.637874603271484
2042 48.465362548828125
2043 48.128082275390625
2044 47.40838623046875
2045 47.69138717651367
2046 47.16176986694336
2047 48.68862533569336
2048 47.881622314453125
2049 49.38640213012695
2050 48.11879348754883
2051 48.46024703979492
2052 48.438751220703125
2053 49.567134857177734
2054 47.71316909790039
2055 50.11489486694336
2056 50.5572624206543
2057 50.58586120605469
2058 49.518310546875
2059 49.46720886230469
2060 49.43923568725586
2061 49.882476806640625
2062 49.35627365112305
2063 48.713218688964844
2064 50.74665832519531
2065 50.28410720825195
2066 50.28140640258789
2067 50.79933547973633
2068 50.4757080078125
2069 50.777671813964844
2070 51.35923385620117
2071 51.737953186035156
2072 51.34019088745117
2073 50.091827392578125
2074 49.74778366088867
2075 50.25185012817383
2076 50.76449203491211
2077 51.14229965209961
2078 50.50067138671875
2079 52.36468505859375
2080 50.85862350463867
2081 50.77553176879883
2082 51.846187591552734
2083 50.88646697998047
2084 52.853939056396484
2085 52.07571029663086
2086 50.094547271728516
2087 51.3874397277832
2088 51.739837646484375
2089 52.90022659301758
2090 52.74909591674805
2091 52.66960525512695
2092 53.014827728271484
2093 53.564125061035156
2094 50.43892288208008
2095 53.21709060668945
2096 54.393898010253906
2097 52.757354736328125
2098 52.93046951293945
2099 51.77732467651367
2100 53.26498031616211
