# contact :: CMIP6 CanESM5_r1i1p1f1 April maxima of 5-day tasmax - Sahel heat 2024, c.barnes22@imperial.ac.uk 
# tasmax [degC] April maximum of 5-day maximum temperatures in Sahel region at sahel-heat_cmip6_tx5x-april_-16_20_10_17_CanESM5_r1i1p1f1.dat
# year tasmax
1850 44.67351150512695
1851 40.56935501098633
1852 43.1630973815918
1853 44.15986251831055
1854 44.806644439697266
1855 43.16326141357422
1856 44.357208251953125
1857 45.65781784057617
1858 44.3621711730957
1859 45.99467849731445
1860 45.98207473754883
1861 44.97793197631836
1862 43.958656311035156
1863 45.220428466796875
1864 43.520164489746094
1865 42.83906936645508
1866 43.2962760925293
1867 44.475154876708984
1868 45.31807327270508
1869 43.838844299316406
1870 44.3288688659668
1871 44.462249755859375
1872 40.476463317871094
1873 45.15425491333008
1874 44.53480911254883
1875 44.00752639770508
1876 43.56923294067383
1877 44.70981979370117
1878 44.23151779174805
1879 44.682682037353516
1880 44.19145584106445
1881 45.19945526123047
1882 44.23439025878906
1883 44.622291564941406
1884 42.80575180053711
1885 44.64516830444336
1886 43.8933219909668
1887 44.446380615234375
1888 45.00811004638672
1889 45.56507873535156
1890 45.200252532958984
1891 44.47572708129883
1892 43.53256607055664
1893 44.15604782104492
1894 44.80823516845703
1895 43.437232971191406
1896 43.34803771972656
1897 45.11067581176758
1898 44.46821212768555
1899 45.87372589111328
1900 46.145057678222656
1901 44.05556869506836
1902 46.18796920776367
1903 42.685726165771484
1904 45.37257385253906
1905 44.669525146484375
1906 43.17068099975586
1907 44.98902130126953
1908 44.25362014770508
1909 43.88608169555664
1910 45.93983840942383
1911 44.606571197509766
1912 45.44894790649414
1913 44.72925567626953
1914 44.86056137084961
1915 40.6583251953125
1916 43.51974105834961
1917 44.297088623046875
1918 44.595699310302734
1919 45.00236129760742
1920 44.383636474609375
1921 46.5055046081543
1922 45.36505126953125
1923 44.81190490722656
1924 44.395023345947266
1925 44.38504409790039
1926 45.2895622253418
1927 44.72223663330078
1928 44.37923812866211
1929 43.45375061035156
1930 45.92962646484375
1931 44.84090805053711
1932 44.7292594909668
1933 44.58134078979492
1934 45.39833450317383
1935 44.59556579589844
1936 44.03265380859375
1937 44.07489013671875
1938 45.708229064941406
1939 44.4452018737793
1940 44.7199592590332
1941 44.32851791381836
1942 44.632972717285156
1943 44.48430252075195
1944 45.29384231567383
1945 42.50773239135742
1946 44.74163818359375
1947 44.46820831298828
1948 44.302547454833984
1949 44.220638275146484
1950 43.64103317260742
1951 46.08097457885742
1952 45.63065719604492
1953 44.392478942871094
1954 45.107154846191406
1955 44.0439567565918
1956 44.627540588378906
1957 45.67346954345703
1958 42.55353546142578
1959 42.891056060791016
1960 45.80706024169922
1961 44.404537200927734
1962 43.00774002075195
1963 44.56045150756836
1964 45.1603889465332
1965 42.86008834838867
1966 45.33724594116211
1967 44.34257507324219
1968 44.0064811706543
1969 45.01461410522461
1970 43.374629974365234
1971 44.74287033081055
1972 44.47395706176758
1973 44.341400146484375
1974 43.80617141723633
1975 44.93220901489258
1976 42.08050537109375
1977 43.489410400390625
1978 45.821815490722656
1979 45.65082550048828
1980 45.56824493408203
1981 45.0717658996582
1982 44.89997863769531
1983 45.52323913574219
1984 44.391361236572266
1985 44.22893524169922
1986 44.677398681640625
1987 45.97637939453125
1988 45.808040618896484
1989 45.468589782714844
1990 46.30153274536133
1991 45.02141571044922
1992 45.864227294921875
1993 44.19173812866211
1994 45.78664779663086
1995 46.2008171081543
1996 46.15546417236328
1997 45.62004852294922
1998 44.449893951416016
1999 47.113739013671875
2000 46.59324264526367
2001 44.23844528198242
2002 44.133113861083984
2003 45.32136535644531
2004 47.24454879760742
2005 46.28341293334961
2006 46.4715576171875
2007 44.74208450317383
2008 46.3365478515625
2009 45.14104461669922
2010 47.2952880859375
2011 46.2245979309082
2012 47.14095687866211
2013 45.731849670410156
2014 45.004966735839844
2015 46.14932632446289
2016 45.947723388671875
2017 46.1395149230957
2018 44.94144821166992
2019 46.4298095703125
2020 46.467437744140625
2021 46.48649597167969
2022 45.84495544433594
2023 45.78827667236328
2024 44.76173400878906
2025 46.3112907409668
2026 46.79567337036133
2027 46.444313049316406
2028 46.189674377441406
2029 46.77437973022461
2030 46.884307861328125
2031 47.74361801147461
2032 49.151092529296875
2033 47.93852615356445
2034 47.98468017578125
2035 46.85659408569336
2036 47.448509216308594
2037 47.570186614990234
2038 47.224300384521484
2039 47.69929122924805
2040 46.95657730102539
2041 48.6614875793457
2042 47.79842758178711
2043 48.308467864990234
2044 47.33123779296875
2045 47.20795440673828
2046 47.70742416381836
2047 48.21904754638672
2048 48.45524215698242
2049 48.34151840209961
2050 47.82011795043945
2051 48.81013870239258
2052 48.95655822753906
2053 49.18225860595703
2054 46.56551742553711
2055 48.890281677246094
2056 50.17555618286133
2057 49.7112922668457
2058 48.81340408325195
2059 48.08475112915039
2060 48.73932647705078
2061 49.282958984375
2062 48.730594635009766
2063 47.18445587158203
2064 50.0279655456543
2065 49.331565856933594
2066 50.03459167480469
2067 50.4849853515625
2068 50.31616973876953
2069 49.88727569580078
2070 51.008209228515625
2071 51.13098907470703
2072 50.715736389160156
2073 50.733985900878906
2074 49.44395065307617
2075 50.51582717895508
2076 49.54095458984375
2077 51.066864013671875
2078 51.1784782409668
2079 52.161109924316406
2080 50.473487854003906
2081 51.5565071105957
2082 50.486915588378906
2083 50.973838806152344
2084 52.108154296875
2085 52.30349349975586
2086 51.356788635253906
2087 50.23548889160156
2088 51.57632064819336
2089 53.23042678833008
2090 52.59185791015625
2091 52.64384841918945
2092 53.39368438720703
2093 52.86638259887695
2094 48.70936965942383
2095 53.31279373168945
2096 53.673980712890625
2097 53.558868408203125
2098 53.564369201660156
2099 52.01630401611328
2100 52.80973434448242
