# year gmst
1852 -1.63839999999999
1853 -1.5870499999999765
1854 -1.5236062499999434
1855 -1.5055020833333401
1856 -1.5348666666666304
1857 -1.5807499999999663
1858 -1.6232020833333536
1859 -1.6353041666666286
1860 -1.554404166666643
1861 -1.589087500000005
1862 -1.6045166666666546
1863 -1.5904187499999694
1864 -1.6504812499999844
1865 -1.5991000000000213
1866 -1.5903833333333068
1867 -1.5976395833333186
1868 -1.5481729166666582
1869 -1.5346562500000118
1870 -1.5663375000000315
1871 -1.5945750000000203
1872 -1.646581249999997
1873 -1.6945041666666611
1874 -1.6612041666666642
1875 -1.6162499999999795
1876 -1.6403645833333371
1877 -1.6840625000000387
1878 -1.7214270833333671
1879 -1.7210604166666599
1880 -1.6964166666666642
1881 -1.6716333333333182
1882 -1.6610520833332885
1883 -1.7729104166666616
1884 -1.83505416666668
1885 -1.829489583333384
1886 -1.8455145833333404
1887 -1.7717916666666724
1888 -1.683400000000006
1889 -1.6494187499999953
1890 -1.6257124999999633
1891 -1.6122083333333421
1892 -1.6497666666666646
1893 -1.6525708333333569
1894 -1.6446374999999875
1895 -1.6283791666666616
1896 -1.5831166666666263
1897 -1.57755416666663
1898 -1.5537499999999795
1899 -1.543299999999988
1900 -1.5295624999999973
1901 -1.497902083333372
1902 -1.5277000000000385
1903 -1.5565750000000094
1904 -1.627847916666667
1905 -1.6874229166666623
1906 -1.6632083333333298
1907 -1.65610833333335
1908 -1.63481041666671
1909 -1.5777104166666618
1910 -1.5455562500000042
1911 -1.5964083333333292
1912 -1.6202541666666548
1913 -1.690310416666648
1914 -1.7423791666666375
1915 -1.6797937499999875
1916 -1.6484604166666372
1917 -1.5981562499999882
1918 -1.5536312500000236
1919 -1.525043750000009
1920 -1.463822916666686
1921 -1.4675437500000044
1922 -1.4580458333333581
1923 -1.3957708333333585
1924 -1.3722000000000207
1925 -1.3643458333333456
1926 -1.3868458333333251
1927 -1.4623250000000212
1928 -1.5020333333333724
1929 -1.4698062500000333
1930 -1.4300104166666188
1931 -1.4126999999999725
1932 -1.420581249999998
1933 -1.4104312499999878
1934 -1.3972354166666605
1935 -1.3850812499999847
1936 -1.3799895833333267
1937 -1.3682624999999575
1938 -1.3937895833332732
1939 -1.392104166666627
1940 -1.386454166666681
1941 -1.4680437499999925
1942 -1.4492124999999874
1943 -1.4016895833333365
1944 -1.353277083333353
1945 -1.2879916666666986
1946 -1.305693749999989
1947 -1.3145458333333409
1948 -1.371764583333288
1949 -1.3809624999999528
1950 -1.3699583333333294
1951 -1.4098041666666745
1952 -1.3598770833333447
1953 -1.2888020833333371
1954 -1.2674520833332963
1955 -1.2509229166666387
1956 -1.268804166666655
1957 -1.3379291666666973
1958 -1.3451395833333208
1959 -1.3492125000000215
1960 -1.3101583333333338
1961 -1.240274999999997
1962 -1.2139500000000112
1963 -1.2057583333333923
1964 -1.2367583333333414
1965 -1.2908708333333152
1966 -1.3505416666666292
1967 -1.3207791666666253
1968 -1.2567562499999667
1969 -1.2025729166666679
1970 -1.188420833333339
1971 -1.2212499999999977
1972 -1.3028666666666595
1973 -1.3308520833333546
1974 -1.3311395833333108
1975 -1.3045916666666812
1976 -1.23893750000002
1977 -1.268845833333387
1978 -1.198660416666712
1979 -1.1910687499999995
1980 -1.1891645833333655
1981 -1.1530104166666888
1982 -1.1754041666666808
1983 -1.175681250000025
1984 -1.1824437500000045
1985 -1.151662500000043
1986 -1.0977958333333504
1987 -1.0806770833333417
1988 -1.0178020833333221
1989 -0.9567749999999933
1990 -0.9636104166666541
1991 -0.9784479166666529
1992 -1.0510541666666313
1993 -1.0720499999999902
1994 -1.0190604166666617
1995 -0.8981395833333181
1996 -0.8360250000000065
1997 -0.7975604166666699
1998 -0.8011812500000133
1999 -0.7748645833333399
2000 -0.6867750000000115
2001 -0.6428770833333033
2002 -0.5595854166666641
2003 -0.5283895833333645
2004 -0.5390750000000253
2005 -0.5208895833333145
2006 -0.49081875000001673
2007 -0.4667312499999525
2008 -0.39392499999996744
2009 -0.338147916666685
2010 -0.37348333333335404
2011 -0.37944791666666333
2012 -0.40396458333333385
2013 -0.4264270833333512
2014 -0.4001729166666337
2015 -0.37276874999997744
2016 -0.2614187499999616
2017 -0.1775333333333151
2018 -0.1494333333333202
2019 -0.1631562499999859
2020 -0.2170333333333474
2021 -0.22197708333334276
2022 -0.13421249999998963
2023 0.0
2024 0.08208750000000009
2025 0.10643333333337068
2026 0.1376166666667018
2027 0.14841666666666242
2028 0.15049583333336614
2029 0.23970624999998336
2030 0.2350500000000011
2031 0.26206041666671354
2032 0.3423291666666728
2033 0.30135833333332585
2034 0.30764791666666724
2035 0.3012875000000008
2036 0.3082124999999678
2037 0.38427500000000236
2038 0.40526875000000473
2039 0.427797916666691
2040 0.3953645833333326
2041 0.36231458333332967
2042 0.39838541666665606
2043 0.4478895833333354
2044 0.5056833333333088
2045 0.5608499999999594
2046 0.6264458333333209
2047 0.682620833333317
2048 0.7692333333333181
2049 0.8195437499999798
2050 0.887110416666701
2051 0.902504166666688
2052 0.9407687500000179
2053 1.0667687499999943
2054 1.1080270833333543
2055 1.1439416666666489
2056 1.1734958333333338
2057 1.2291812500000106
2058 1.302141666666671
2059 1.3922291666667093
2060 1.4663416666667217
2061 1.5153625000000375
2062 1.585352083333305
2063 1.5924291666666477
2064 1.5970812499999738
2065 1.6280541666666295
2066 1.6296083333332945
2067 1.70409374999997
2068 1.7609604166666486
2069 1.7415104166666424
2070 1.8061062499999707
2071 1.8374812499999962
2072 1.916164583333341
2073 1.9849687500000073
2074 1.9971729166666705
2075 2.0594645833333516
2076 2.1144979166666644
2077 2.2034333333333507
2078 2.3280979166667066
2079 2.446318749999989
2080 2.522852083333305
2081 2.5632583333333514
2082 2.6167166666666617
2083 2.6540312500000027
2084 2.6811645833333273
2085 2.770235416666651
2086 2.7735750000000507
2087 2.7914166666666347
2088 2.8769020833333343
2089 3.0028270833333295
2090 3.071662500000002
2091 3.146537500000022
2092 3.200910416666659
2093 3.152504166666631
2094 3.2209625000000415
2095 3.2789562500000216
2096 3.3268833333333987
2097 3.3766541666666967
2098 3.4528999999999996
2099 3.517575000000022
