# contact :: CMIP6-HadGEM3-GC31-MM_r1i1p1f3_ssp585 smoothed GSAT anomaly, c.barnes22@imperial.ac.uk 
# gmst [degC] 4-year smoothed global surface air temperature anomaly at cmip6_smoothed-gsat_HadGEM3-GC31-MM_r1i1p1f3_ssp585
# year gmst
1852 13.893670833333356
1853 13.898504166666692
1854 13.891570833333358
1855 13.90332500000002
1856 13.941045833333355
1857 13.954264583333352
1858 13.975614583333355
1859 13.964433333333355
1860 13.97603750000002
1861 13.91407291666669
1862 13.868512500000023
1863 13.88141041666669
1864 13.855239583333358
1865 13.919554166666689
1866 13.980660416666687
1867 13.995910416666689
1868 13.976137500000021
1869 13.904133333333359
1870 13.83843958333336
1871 13.846962500000027
1872 13.852260416666692
1873 13.842070833333356
1874 13.851877083333354
1875 13.82836250000002
1876 13.87097916666669
1877 13.897333333333355
1878 13.849014583333357
1879 13.789787500000022
1880 13.757006250000023
1881 13.742337500000025
1882 13.756677083333358
1883 13.70799166666669
1884 13.622941666666685
1885 13.580708333333353
1886 13.547518750000021
1887 13.592737500000021
1888 13.65308958333336
1889 13.691610416666693
1890 13.733079166666691
1891 13.734360416666693
1892 13.74581041666669
1893 13.756350000000023
1894 13.751514583333359
1895 13.799177083333358
1896 13.816731250000029
1897 13.876683333333359
1898 13.905427083333358
1899 13.891466666666691
1900 13.89204375000002
1901 13.84553750000002
1902 13.766379166666688
1903 13.729808333333352
1904 13.727281250000022
1905 13.712662500000022
1906 13.767158333333352
1907 13.813027083333356
1908 13.830041666666688
1909 13.872679166666689
1910 13.884877083333357
1911 13.848147916666688
1912 13.774139583333357
1913 13.698752083333359
1914 13.658445833333358
1915 13.693264583333356
1916 13.740266666666688
1917 13.833154166666688
1918 13.867339583333353
1919 13.852939583333356
1920 13.851362500000022
1921 13.788545833333355
1922 13.76879166666669
1923 13.78870416666669
1924 13.82311666666669
1925 13.820070833333356
1926 13.829212500000024
1927 13.85939375000002
1928 13.859614583333354
1929 13.948162500000024
1930 14.01817916666669
1931 14.014056250000024
1932 13.994052083333358
1933 13.92751458333336
1934 13.864225000000026
1935 13.838189583333358
1936 13.859262500000025
1937 13.886639583333356
1938 13.93290416666669
1939 13.95182291666669
1940 13.924008333333354
1941 13.89547916666669
1942 13.884677083333353
1943 13.90081875000002
1944 13.92351666666669
1945 13.988162500000023
1946 14.040762500000024
1947 14.02021250000002
1948 14.050060416666689
1949 13.99334791666669
1950 13.92438541666669
1951 13.937960416666689
1952 13.905635416666689
1953 13.907502083333354
1954 13.938595833333356
1955 13.979618750000022
1956 14.050645833333355
1957 14.144356250000023
1958 14.150783333333354
1959 14.074643750000023
1960 14.007466666666687
1961 13.948429166666688
1962 13.888504166666689
1963 13.869435416666686
1964 13.836714583333356
1965 13.777131250000021
1966 13.782320833333356
1967 13.818356250000026
1968 13.840122916666692
1969 13.869987500000025
1970 13.86960416666669
1971 13.872191666666689
1972 13.898685416666687
1973 13.947133333333356
1974 13.958816666666692
1975 13.960433333333356
1976 13.968077083333355
1977 13.990447916666689
1978 14.058933333333353
1979 14.133618750000021
1980 14.134179166666687
1981 14.067006250000018
1982 13.987010416666685
1983 13.927191666666687
1984 13.907902083333354
1985 13.947222916666691
1986 14.016033333333358
1987 14.03229791666669
1988 14.089145833333358
1989 14.091656250000021
1990 14.06672916666669
1991 14.022389583333355
1992 13.925625000000021
1993 13.881233333333354
1994 13.878152083333354
1995 13.92190625000002
1996 14.013191666666689
1997 14.083545833333357
1998 14.148975000000023
1999 14.225685416666693
2000 14.302560416666692
2001 14.406775000000028
2002 14.470852083333357
2003 14.519008333333353
2004 14.54542083333335
2005 14.58523958333335
2006 14.608625000000018
2007 14.629333333333353
2008 14.632227083333353
2009 14.571545833333357
2010 14.596475000000023
2011 14.678360416666688
2012 14.735310416666687
2013 14.807004166666687
2014 14.842031250000016
2015 14.83573750000002
2016 14.891493750000024
2017 14.940752083333356
2018 14.966643750000026
2019 14.99439166666669
2020 15.027462500000023
2021 15.061922916666692
2022 15.161756250000025
2023 15.239654166666693
2024 15.26164791666669
2025 15.302420833333354
2026 15.305218750000021
2027 15.333627083333354
2028 15.447187500000023
2029 15.485497916666688
2030 15.58390416666669
2031 15.681566666666688
2032 15.674302083333355
2033 15.727829166666687
2034 15.754322916666688
2035 15.754452083333355
2036 15.813545833333356
2037 15.925039583333357
2038 16.039795833333358
2039 16.147789583333356
2040 16.277033333333357
2041 16.350777083333355
2042 16.393427083333357
2043 16.428275000000024
2044 16.463208333333355
2045 16.51487291666669
2046 16.59453333333336
2047 16.691045833333355
2048 16.755964583333355
2049 16.82032291666669
2050 16.896327083333354
2051 16.961068750000024
2052 17.00616458333336
2053 17.084981250000027
2054 17.15477916666669
2055 17.169608333333354
2056 17.19338125000002
2057 17.236947916666686
2058 17.27079166666669
2059 17.38804791666669
2060 17.554683333333358
2061 17.665285416666695
2062 17.778618750000028
2063 17.80446666666669
2064 17.82005208333336
2065 17.894150000000018
2066 17.88577500000002
2067 17.969816666666688
2068 18.07255000000002
2069 18.115295833333356
2070 18.19427291666669
2071 18.270664583333357
2072 18.36639375000002
2073 18.47358125000002
2074 18.56106250000002
2075 18.665520833333357
2076 18.744764583333357
2077 18.774704166666687
2078 18.817572916666684
2079 18.905197916666687
2080 18.95281250000002
2081 19.041291666666687
2082 19.200539583333352
2083 19.230431250000024
2084 19.315908333333354
2085 19.368960416666688
2086 19.406387500000022
2087 19.53188125000002
2088 19.561320833333355
2089 19.693985416666692
2090 19.81265833333336
2091 19.878666666666696
2092 20.033062500000028
2093 20.11323958333336
2094 20.164375000000028
2095 20.24712083333336
2096 20.299062500000026
2097 20.34731041666669
2098 20.436085416666693
2099 20.531512500000026
